32689	32682	32618	32603	32552	
32362	32314	32293	32272	32231	
32221	32152	32107	32107	32047	
31968	31963	31868	31867	31849	
31820	31744	31668	31666	31665	
31576	31539	31538	31515	31508	
31505	31498	31468	31451	31446	
31322	31260	31249	31195	31186	
31159	31128	31111	31105	31038	
31016	30957	30901	30862	30853	
30853	30808	30759	30743	30737	
30709	30683	30643	30616	30597	
30572	30514	30450	30400	30366	
30343	30312	30259	30235	30230	
30221	30205	30199	30189	30133	
30077	29990	29930	29900	29845	
29801	29785	29730	29700	29668	
29638	29590	29547	29544	29483	
29474	29396	29373	29371	29345	
29330	29294	29174	29174	29173	
29101	29094	29064	29056	28972	
28939	28929	28895	28882	28873	
28872	28867	28820	28773	28713	
28696	28662	28464	28338	28297	
28290	28242	28214	28203	28202	
28160	28140	28138	28120	28105	
28093	27936	27922	27918	27896	
27863	27818	27777	27661	27656	
27495	27380	27304	27238	27201	
27156	27099	27093	27093	27069	
27003	26999	26998	26980	26961	
26930	26831	26790	26754	26660	
26628	26615	26613	26510	26507	
26375	26277	26232	26157	26115	
26104	26104	26095	26090	26020	
26003	25989	25970	25903	25845	
25796	25781	25734	25729	25726	
25700	25677	25676	25672	25666	
25646	25623	25562	25546	25518	
25432	25391	25390	25376	25245	
25223	25214	25177	25136	25044	
25037	25006	24987	24948	24941	
24888	24884	24878	24830	24808	
24758	24749	24722	24689	24687	
24680	24652	24615	24576	24567	
24564	24559	24505	24485	24470	
24450	24413	24397	24378	24352	
24336	24297	24270	24224	24135	
24049	24041	24030	23885	23877	
23856	23829	23819	23807	23764	
23756	23755	23685	23563	23543	
23536	23528	23493	23486	23428	
23364	23264	23220	23216	23205	
23205	23152	23138	23077	23014	
22973	22959	22879	22814	22805	
22775	22767	22763	22683	22511	
22500	22439	22423	22401	22378	
22339	22324	22323	22278	22277	
22201	22183	22168	22142	22113	
22097	22068	22041	21922	21912	
21907	21892	21865	21818	21808	
21778	21763	21703	21614	21498	
21475	21383	21365	21356	21332	
21229	21181	21158	21134	21133	
21068	21026	20946	20906	20895	
20885	20849	20787	20719	20718	
20626	20563	20528	20509	20442	
20383	20381	20306	20303	20255	
20238	20217	20185	20181	20163	
20141	20141	20138	20105	20102	
20086	20059	20026	20010	19998	
19993	19965	19884	19884	19882	
19857	19808	19769	19741	19690	
19690	19656	19595	19592	19536	
19529	19515	19438	19422	19421	
19412	19343	19310	19262	19259	
19205	19181	19165	19128	19123	
19120	19099	19086	19078	19070	
19036	19027	18997	18882	18863	
18858	18846	18816	18736	18727	
18671	18601	18578	18517	18451	
18445	18391	18364	18314	18313	
18307	18278	18222	18195	18115	
17929	17918	17911	17866	17855	
17836	17822	17744	17663	17628	
17614	17585	17472	17452	17426	
17418	17307	17297	17285	17261	
17261	17136	17106	17101	17097	
17069	17062	17006	17004	16968	
16956	16892	16880	16863	16718	
16687	16649	16565	16527	16494	
16397	16389	16276	16262	16246	
16207	16195	16132	16112	16061	
16061	16030	16000	15996	15989	
15961	15915	15895	15893	15859	
15852	15812	15802	15787	15773	
15768	15746	15663	15568	15482	
15464	15311	15296	15258	15257	
15241	15240	15230	15205	15178	
15167	15126	15092	15030	15024	
15007	14936	14924	14902	14867	
14850	14822	14807	14779	14737	
14730	14725	14639	14638	14635	
14610	14609	14555	14521	14499	
14473	14444	14389	14288	14269	
14240	14207	14207	14179	14151	
14064	14049	13982	13948	13926	
13903	13871	13835	13829	13797	
13788	13787	13781	13777	13517	
13480	13469	13385	13361	13346	
13342	13299	13281	13269	13259	
13258	13245	13193	13193	13118	
13115	13082	13069	13015	12976	
12927	12904	12836	12747	12691	
12685	12608	12602	12565	12547	
12522	12514	12512	12406	12364	
12364	12233	12197	12155	12135	
12132	12078	12051	12024	11999	
11965	11952	11933	11928	11916	
11846	11844	11828	11812	11799	
11776	11768	11763	11715	11709	
11693	11656	11648	11583	11573	
11470	11463	11442	11407	11388	
11372	11262	11225	11189	11176	
11152	11110	11004	10994	10968	
10966	10956	10902	10862	10857	
10833	10803	10798	10773	10763	
10723	10714	10702	10672	10654	
10599	10580	10570	10544	10534	
10529	10422	10376	10375	10355	
10350	10334	10288	10279	10255	
10210	10207	10202	10122	10087	
10052	10021	9973	9944	9930	
9927	9893	9859	9853	9829	
9768	9758	9731	9662	9644	
9624	9610	9597	9581	9553	
9529	9526	9451	9442	9414	
9412	9341	9242	9239	9204	
9166	9123	9119	9088	8979	
8964	8872	8864	8803	8802	
8793	8791	8754	8742	8674	
8622	8584	8531	8524	8478	
8378	8328	8262	8220	8211	
8167	8131	8126	7974	7971	
7970	7892	7875	7829	7817	
7791	7742	7723	7680	7651	
7627	7617	7609	7606	7596	
7581	7553	7501	7475	7451	
7444	7438	7427	7412	7410	
7369	7353	7277	7264	7236	
7203	7114	7090	7088	7081	
7049	7020	6982	6968	6941	
6937	6935	6932	6869	6859	
6825	6798	6761	6708	6699	
6687	6599	6508	6469	6444	
6438	6409	6356	6352	6330	
6261	6192	6191	6166	6161	
6099	6098	6073	6067	6029	
5947	5904	5842	5787	5754	
5739	5715	5710	5709	5705	
5703	5702	5685	5657	5656	
5618	5595	5524	5434	5385	
5367	5363	5302	5286	5219	
5216	5186	5184	5183	5154	
5130	5118	5095	5082	5073	
5006	4971	4956	4901	4899	
4867	4780	4662	4572	4552	
4533	4509	4504	4483	4464	
4432	4426	4415	4359	4340	
4311	4269	4251	4227	4226	
4202	4143	4135	4124	4088	
4084	4014	3987	3955	3933	
3870	3853	3816	3793	3783	
3740	3698	3698	3645	3631	
3626	3580	3562	3549	3513	
3502	3450	3444	3417	3411	
3409	3379	3376	3364	3330	
3262	3258	3200	3142	3121	
3065	2939	2927	2912	2903	
2876	2846	2804	2746	2721	
2696	2661	2634	2601	2423	
2417	2408	2407	2400	2376	
2352	2345	2319	2225	2191	
2173	2118	2112	2100	2075	
2073	2042	1997	1993	1983	
1978	1928	1878	1869	1866	
1829	1810	1808	1786	1747	
1678	1675	1656	1592	1553	
1545	1508	1499	1413	1366	
1351	1332	1330	1242	1238	
1147	1124	1094	1032	1028	
1002	988	970	968	955	
933	929	882	851	841	
793	779	752	685	679	
658	634	611	609	608	
601	600	550	549	508	
498	478	464	459	420	
380	347	313	309	204	
189	166	124	116	111	
110	57	39	24	9	
