9	24	39	57	110	
111	116	124	166	189	
204	309	313	347	380	
420	459	464	478	498	
508	549	550	600	601	
608	609	611	634	658	
679	685	752	779	793	
841	851	882	929	933	
955	968	970	988	1002	
1028	1032	1094	1124	1147	
1238	1242	1330	1332	1351	
1366	1413	1499	1508	1545	
1553	1592	1656	1675	1678	
1747	1786	1808	1810	1829	
1866	1869	1878	1928	1978	
1983	1993	1997	2042	2073	
2075	2100	2112	2118	2173	
2191	2225	2319	2345	2352	
2376	2400	2407	2408	2417	
2423	2601	2634	2661	2696	
2721	2746	2804	2846	2876	
2903	2912	2927	2939	3065	
3121	3142	3200	3258	3262	
3330	3364	3376	3379	3409	
3411	3417	3444	3450	3502	
3513	3549	3562	3580	3626	
3631	3645	3698	3698	3740	
3783	3793	3816	3853	3870	
3933	3955	3987	4014	4084	
4088	4124	4135	4143	4202	
4226	4227	4251	4269	4311	
4340	4359	4415	4426	4432	
4464	4483	4504	4509	4533	
4552	4572	4662	4780	4867	
4899	4901	4956	4971	5006	
5073	5082	5095	5118	5130	
5154	5183	5184	5186	5216	
5219	5286	5302	5363	5367	
5385	5434	5524	5595	5618	
5656	5657	5685	5702	5703	
5705	5709	5710	5715	5739	
5754	5787	5842	5904	5947	
6029	6067	6073	6098	6099	
6161	6166	6191	6192	6261	
6330	6352	6356	6409	6438	
6444	6469	6508	6599	6687	
6699	6708	6761	6798	6825	
6859	6869	6932	6935	6937	
6941	6968	6982	7020	7049	
7081	7088	7090	7114	7203	
7236	7264	7277	7353	7369	
7410	7412	7427	7438	7444	
7451	7475	7501	7553	7581	
7596	7606	7609	7617	7627	
7651	7680	7723	7742	7791	
7817	7829	7875	7892	7970	
7971	7974	8126	8131	8167	
8211	8220	8262	8328	8378	
8478	8524	8531	8584	8622	
8674	8742	8754	8791	8793	
8802	8803	8864	8872	8964	
8979	9088	9119	9123	9166	
9204	9239	9242	9341	9412	
9414	9442	9451	9526	9529	
9553	9581	9597	9610	9624	
9644	9662	9731	9758	9768	
9829	9853	9859	9893	9927	
9930	9944	9973	10021	10052	
10087	10122	10202	10207	10210	
10255	10279	10288	10334	10350	
10355	10375	10376	10422	10529	
10534	10544	10570	10580	10599	
10654	10672	10702	10714	10723	
10763	10773	10798	10803	10833	
10857	10862	10902	10956	10966	
10968	10994	11004	11110	11152	
11176	11189	11225	11262	11372	
11388	11407	11442	11463	11470	
11573	11583	11648	11656	11693	
11709	11715	11763	11768	11776	
11799	11812	11828	11844	11846	
11916	11928	11933	11952	11965	
11999	12024	12051	12078	12132	
12135	12155	12197	12233	12364	
12364	12406	12512	12514	12522	
12547	12565	12602	12608	12685	
12691	12747	12836	12904	12927	
12976	13015	13069	13082	13115	
13118	13193	13193	13245	13258	
13259	13269	13281	13299	13342	
13346	13361	13385	13469	13480	
13517	13777	13781	13787	13788	
13797	13829	13835	13871	13903	
13926	13948	13982	14049	14064	
14151	14179	14207	14207	14240	
14269	14288	14389	14444	14473	
14499	14521	14555	14609	14610	
14635	14638	14639	14725	14730	
14737	14779	14807	14822	14850	
14867	14902	14924	14936	15007	
15024	15030	15092	15126	15167	
15178	15205	15230	15240	15241	
15257	15258	15296	15311	15464	
15482	15568	15663	15746	15768	
15773	15787	15802	15812	15852	
15859	15893	15895	15915	15961	
15989	15996	16000	16030	16061	
16061	16112	16132	16195	16207	
16246	16262	16276	16389	16397	
16494	16527	16565	16649	16687	
16718	16863	16880	16892	16956	
16968	17004	17006	17062	17069	
17097	17101	17106	17136	17261	
17261	17285	17297	17307	17418	
17426	17452	17472	17585	17614	
17628	17663	17744	17822	17836	
17855	17866	17911	17918	17929	
18115	18195	18222	18278	18307	
18313	18314	18364	18391	18445	
18451	18517	18578	18601	18671	
18727	18736	18816	18846	18858	
18863	18882	18997	19027	19036	
19070	19078	19086	19099	19120	
19123	19128	19165	19181	19205	
19259	19262	19310	19343	19412	
19421	19422	19438	19515	19529	
19536	19592	19595	19656	19690	
19690	19741	19769	19808	19857	
19882	19884	19884	19965	19993	
19998	20010	20026	20059	20086	
20102	20105	20138	20141	20141	
20163	20181	20185	20217	20238	
20255	20303	20306	20381	20383	
20442	20509	20528	20563	20626	
20718	20719	20787	20849	20885	
20895	20906	20946	21026	21068	
21133	21134	21158	21181	21229	
21332	21356	21365	21383	21475	
21498	21614	21703	21763	21778	
21808	21818	21865	21892	21907	
21912	21922	22041	22068	22097	
22113	22142	22168	22183	22201	
22277	22278	22323	22324	22339	
22378	22401	22423	22439	22500	
22511	22683	22763	22767	22775	
22805	22814	22879	22959	22973	
23014	23077	23138	23152	23205	
23205	23216	23220	23264	23364	
23428	23486	23493	23528	23536	
23543	23563	23685	23755	23756	
23764	23807	23819	23829	23856	
23877	23885	24030	24041	24049	
24135	24224	24270	24297	24336	
24352	24378	24397	24413	24450	
24470	24485	24505	24559	24564	
24567	24576	24615	24652	24680	
24687	24689	24722	24749	24758	
24808	24830	24878	24884	24888	
24941	24948	24987	25006	25037	
25044	25136	25177	25214	25223	
25245	25376	25390	25391	25432	
25518	25546	25562	25623	25646	
25666	25672	25676	25677	25700	
25726	25729	25734	25781	25796	
25845	25903	25970	25989	26003	
26020	26090	26095	26104	26104	
26115	26157	26232	26277	26375	
26507	26510	26613	26615	26628	
26660	26754	26790	26831	26930	
26961	26980	26998	26999	27003	
27069	27093	27093	27099	27156	
27201	27238	27304	27380	27495	
27656	27661	27777	27818	27863	
27896	27918	27922	27936	28093	
28105	28120	28138	28140	28160	
28202	28203	28214	28242	28290	
28297	28338	28464	28662	28696	
28713	28773	28820	28867	28872	
28873	28882	28895	28929	28939	
28972	29056	29064	29094	29101	
29173	29174	29174	29294	29330	
29345	29371	29373	29396	29474	
29483	29544	29547	29590	29638	
29668	29700	29730	29785	29801	
29845	29900	29930	29990	30077	
30133	30189	30199	30205	30221	
30230	30235	30259	30312	30343	
30366	30400	30450	30514	30572	
30597	30616	30643	30683	30709	
30737	30743	30759	30808	30853	
30853	30862	30901	30957	31016	
31038	31105	31111	31128	31159	
31186	31195	31249	31260	31322	
31446	31451	31468	31498	31505	
31508	31515	31538	31539	31576	
31665	31666	31668	31744	31820	
31849	31867	31868	31963	31968	
32047	32107	32107	32152	32221	
32231	32272	32293	32314	32362	
32552	32603	32618	32682	32689	
