0	1	2	4	9	
19	20	20	22	24	
27	31	39	39	42	
47	50	57	66	69	
71	71	71	82	82	
83	84	85	89	90	
92	92	93	94	95	
98	102	103	108	108	
110	111	116	116	118	
120	121	122	123	124	
128	136	142	143	147	
147	147	158	165	166	
166	168	175	177	177	
183	185	187	189	192	
196	197	198	198	199	
201	202	202	204	207	
211	214	218	225	245	
246	246	247	250	251	
255	256	261	275	275	
278	283	285	287	289	
297	309	312	313	320	
323	324	328	330	336	
343	347	363	366	371	
380	380	383	387	393	
398	398	405	411	420	
427	429	429	435	436	
446	449	453	454	459	
463	464	466	467	477	
478	480	482	483	484	
492	496	497	497	498	
506	508	509	513	515	
515	520	520	521	522	
530	539	542	544	549	
550	559	559	563	567	
580	587	588	591	592	
595	596	597	598	600	
601	603	607	608	609	
611	617	619	621	621	
621	623	630	631	634	
638	652	656	657	657	
658	666	666	668	678	
679	684	685	686	690	
690	692	699	699	701	
703	717	719	723	731	
732	734	735	740	746	
746	747	750	752	753	
753	760	762	777	779	
785	791	792	793	796	
797	798	799	802	805	
816	818	827	828	829	
837	837	837	841	842	
850	851	852	859	861	
867	870	871	871	872	
874	874	882	882	882	
886	893	900	906	906	
929	929	933	933	939	
947	948	948	948	955	
957	957	958	964	964	
965	967	968	970	974	
977	978	987	987	988	
992	1000	1001	1002	1004	
1009	1016	1023	1024	1025	
1028	1028	1031	1032	1052	
1057	1067	1068	1069	1076	
1077	1083	1085	1086	1088	
1088	1094	1097	1106	1107	
1114	1120	1121	1124	1125	
1129	1130	1139	1147	1151	
1157	1160	1165	1169	1171	
1173	1178	1179	1179	1186	
1187	1194	1197	1200	1201	
1203	1206	1211	1211	1211	
1213	1213	1218	1219	1228	
1228	1229	1232	1238	1242	
1263	1265	1268	1270	1270	
1277	1277	1278	1278	1280	
1285	1289	1292	1293	1296	
1298	1299	1307	1307	1310	
1313	1330	1332	1339	1339	
1341	1343	1348	1349	1350	
1351	1358	1358	1366	1370	
1370	1374	1380	1382	1382	
1386	1388	1392	1392	1397	
1401	1402	1402	1405	1407	
1411	1411	1413	1418	1427	
1436	1449	1450	1455	1456	
1466	1470	1473	1478	1480	
1482	1482	1483	1484	1487	
1490	1494	1494	1498	1499	
1508	1513	1515	1521	1521	
1523	1523	1530	1538	1544	
1545	1546	1547	1549	1551	
1553	1556	1561	1561	1563	
1563	1566	1567	1580	1583	
1587	1592	1594	1595	1605	
1608	1611	1614	1614	1618	
1619	1620	1624	1625	1631	
1635	1637	1637	1641	1644	
1656	1660	1661	1666	1674	
1674	1675	1678	1683	1687	
1691	1695	1699	1702	1703	
1703	1707	1707	1707	1708	
1712	1714	1715	1717	1719	
1739	1743	1747	1751	1755	
1758	1761	1769	1773	1774	
1786	1788	1793	1797	1808	
1810	1812	1816	1819	1819	
1823	1827	1827	1829	1831	
1832	1833	1834	1835	1838	
1842	1843	1852	1866	1869	
1870	1874	1878	1878	1879	
1881	1884	1892	1893	1895	
1897	1902	1905	1906	1909	
1911	1913	1914	1920	1922	
1923	1925	1926	1928	1928	
1930	1932	1933	1936	1940	
1945	1947	1949	1957	1959	
1959	1959	1965	1966	1971	
1978	1979	1983	1983	1987	
1993	1995	1997	2001	2006	
2012	2012	2017	2024	2035	
2036	2036	2039	2039	2041	
2042	2044	2046	2047	2055	
2061	2063	2073	2075	2076	
2080	2081	2086	2094	2100	
2101	2101	2102	2105	2112	
2113	2116	2118	2121	2130	
2130	2134	2134	2139	2150	
2152	2152	2159	2159	2170	
2173	2173	2174	2177	2178	
2184	2185	2185	2188	2191	
2195	2204	2209	2213	2220	
2225	2226	2228	2228	2241	
2244	2248	2248	2250	2260	
2261	2262	2262	2263	2265	
2266	2266	2279	2280	2287	
2292	2293	2293	2306	2309	
2319	2328	2329	2329	2330	
2331	2333	2335	2338	2340	
2345	2346	2349	2352	2360	
2376	2390	2396	2400	2404	
2407	2408	2413	2417	2423	
2427	2429	2431	2438	2441	
2444	2450	2457	2458	2462	
2470	2471	2472	2474	2477	
2482	2485	2487	2493	2493	
2497	2497	2499	2505	2507	
2507	2510	2520	2522	2526	
2529	2539	2541	2542	2556	
2556	2559	2560	2561	2561	
2566	2567	2572	2572	2580	
2581	2581	2587	2589	2598	
2600	2601	2603	2603	2605	
2609	2609	2613	2617	2619	
2619	2622	2630	2631	2632	
2633	2634	2635	2637	2637	
2642	2647	2652	2654	2661	
2666	2672	2674	2675	2676	
2676	2678	2683	2685	2686	
2688	2690	2696	2699	2708	
2711	2718	2719	2721	2722	
2728	2733	2737	2742	2746	
2755	2760	2762	2762	2771	
2776	2777	2788	2789	2796	
2801	2804	2807	2807	2808	
2809	2809	2812	2815	2821	
2821	2829	2836	2839	2845	
2846	2853	2856	2858	2861	
2876	2882	2882	2887	2889	
2892	2897	2898	2900	2903	
2907	2908	2912	2924	2927	
2927	2928	2929	2939	2948	
2955	2958	2958	2964	2967	
2967	2972	2978	2981	2987	
2988	2997	3002	3005	3015	
3019	3027	3030	3048	3060	
3060	3063	3063	3065	3067	
3071	3075	3075	3081	3085	
3088	3089	3091	3092	3099	
3099	3099	3099	3103	3104	
3112	3114	3117	3121	3121	
3122	3126	3127	3129	3133	
3134	3139	3142	3142	3153	
3154	3162	3164	3166	3172	
3173	3183	3187	3189	3199	
3200	3205	3213	3219	3229	
3230	3232	3249	3258	3260	
3261	3262	3266	3266	3275	
3283	3287	3287	3290	3293	
3296	3297	3300	3304	3305	
3312	3319	3323	3325	3326	
3330	3330	3335	3335	3339	
3345	3345	3348	3348	3349	
3350	3351	3353	3357	3362	
3364	3364	3364	3371	3374	
3376	3377	3379	3387	3388	
3390	3390	3391	3400	3409	
3411	3417	3420	3426	3428	
3429	3431	3436	3437	3438	
3438	3439	3441	3443	3444	
3448	3448	3450	3451	3452	
3453	3454	3463	3464	3471	
3476	3485	3487	3487	3490	
3493	3502	3507	3508	3508	
3513	3514	3514	3517	3519	
3523	3529	3549	3549	3551	
3551	3558	3562	3562	3563	
3568	3573	3577	3580	3582	
3582	3583	3586	3588	3595	
3601	3602	3605	3613	3614	
3616	3617	3624	3624	3626	
3627	3628	3631	3632	3633	
3636	3637	3639	3640	3642	
3643	3645	3652	3655	3655	
3661	3662	3664	3672	3675	
3683	3688	3688	3688	3695	
3695	3697	3698	3698	3700	
3702	3707	3708	3709	3713	
3714	3718	3722	3727	3728	
3732	3734	3738	3739	3740	
3750	3765	3768	3768	3771	
3774	3775	3777	3782	3782	
3783	3784	3784	3790	3792	
3793	3794	3796	3796	3801	
3802	3805	3807	3807	3809	
3813	3816	3817	3818	3821	
3821	3823	3834	3835	3836	
3837	3838	3844	3845	3846	
3848	3849	3853	3854	3855	
3859	3859	3862	3866	3870	
3871	3872	3877	3877	3880	
3887	3891	3891	3892	3894	
3901	3909	3914	3929	3931	
3932	3933	3936	3938	3938	
3939	3945	3946	3955	3958	
3959	3960	3970	3975	3977	
3981	3982	3983	3984	3987	
3987	3994	4002	4002	4003	
4003	4008	4012	4014	4014	
4021	4024	4035	4038	4042	
4044	4044	4048	4053	4060	
4065	4072	4080	4083	4084	
4084	4088	4092	4098	4100	
4101	4103	4106	4107	4107	
4109	4114	4115	4116	4118	
4120	4121	4123	4124	4127	
4130	4135	4135	4135	4143	
4143	4143	4144	4146	4146	
4147	4147	4153	4157	4158	
4162	4165	4171	4172	4180	
4180	4185	4188	4188	4196	
4202	4202	4204	4206	4210	
4214	4221	4222	4222	4223	
4226	4227	4235	4239	4240	
4247	4248	4248	4250	4251	
4252	4255	4256	4266	4268	
4269	4271	4271	4276	4277	
4278	4280	4293	4302	4305	
4305	4311	4311	4313	4321	
4325	4326	4329	4332	4333	
4336	4340	4346	4347	4350	
4351	4352	4352	4359	4360	
4364	4366	4368	4368	4370	
4372	4380	4390	4393	4394	
4395	4396	4398	4399	4400	
4410	4412	4414	4415	4416	
4418	4423	4424	4426	4432	
4432	4434	4436	4449	4453	
4463	4464	4464	4468	4470	
4475	4478	4481	4481	4483	
4495	4496	4499	4501	4504	
4504	4508	4509	4520	4520	
4527	4532	4533	4535	4536	
4537	4539	4541	4547	4547	
4550	4552	4553	4559	4559	
4562	4564	4572	4582	4582	
4586	4589	4591	4591	4602	
4607	4608	4613	4614	4620	
4621	4624	4626	4637	4642	
4647	4647	4648	4652	4655	
4657	4659	4662	4667	4670	
4671	4675	4680	4681	4683	
4686	4687	4690	4694	4701	
4702	4706	4708	4708	4713	
4719	4721	4725	4726	4731	
4732	4734	4734	4736	4738	
4741	4745	4750	4753	4757	
4758	4761	4763	4765	4768	
4777	4777	4778	4780	4780	
4790	4795	4800	4813	4818	
4819	4822	4826	4828	4832	
4834	4835	4835	4846	4851	
4853	4855	4856	4857	4864	
4866	4867	4872	4879	4883	
4886	4890	4893	4899	4901	
4904	4909	4925	4925	4930	
4939	4944	4945	4946	4952	
4952	4954	4956	4956	4957	
4965	4966	4970	4971	4971	
4972	4973	4974	4974	4977	
4979	4987	4994	4996	4996	
5001	5006	5011	5013	5013	
5014	5016	5017	5020	5020	
5023	5024	5025	5026	5029	
5032	5049	5053	5054	5056	
5058	5068	5070	5071	5073	
5074	5075	5077	5078	5082	
5084	5086	5087	5090	5091	
5095	5098	5099	5106	5109	
5111	5115	5118	5119	5119	
5123	5126	5128	5130	5131	
5133	5139	5145	5148	5149	
5154	5154	5156	5159	5161	
5163	5165	5175	5183	5183	
5184	5184	5186	5205	5206	
5208	5208	5211	5214	5216	
5219	5222	5223	5226	5236	
5236	5243	5247	5247	5248	
5254	5256	5257	5258	5260	
5264	5269	5286	5287	5289	
5290	5302	5306	5311	5317	
5331	5338	5339	5344	5349	
5351	5353	5363	5364	5367	
5378	5383	5385	5390	5392	
5405	5405	5405	5416	5418	
5422	5423	5427	5434	5434	
5438	5448	5449	5455	5458	
5476	5479	5490	5491	5491	
5498	5505	5505	5507	5524	
5524	5527	5528	5531	5533	
5536	5542	5552	5552	5555	
5557	5561	5563	5565	5568	
5573	5578	5579	5580	5586	
5590	5591	5591	5593	5594	
5595	5595	5606	5609	5609	
5609	5610	5611	5613	5618	
5619	5619	5624	5626	5627	
5629	5631	5633	5641	5652	
5654	5656	5656	5657	5668	
5671	5674	5681	5685	5685	
5691	5695	5695	5702	5703	
5705	5709	5710	5713	5715	
5716	5717	5719	5723	5724	
5728	5733	5739	5743	5745	
5746	5750	5754	5759	5764	
5766	5767	5771	5772	5777	
5778	5781	5784	5787	5795	
5795	5801	5811	5817	5825	
5830	5839	5841	5842	5844	
5854	5855	5858	5862	5863	
5866	5868	5868	5869	5876	
5878	5884	5885	5890	5891	
5891	5892	5895	5895	5897	
5900	5904	5906	5913	5915	
5915	5916	5917	5922	5924	
5928	5934	5936	5937	5947	
5947	5950	5967	5974	5977	
5982	5985	5986	5992	5994	
5996	6010	6013	6014	6015	
6026	6026	6029	6030	6035	
6038	6039	6041	6042	6042	
6045	6053	6062	6066	6067	
6072	6073	6074	6076	6083	
6084	6087	6092	6098	6099	
6100	6102	6105	6111	6115	
6116	6123	6127	6129	6141	
6142	6143	6150	6151	6152	
6154	6156	6156	6159	6160	
6161	6162	6166	6167	6169	
6172	6180	6183	6186	6190	
6191	6192	6194	6195	6199	
6199	6203	6207	6208	6215	
6216	6219	6225	6225	6225	
6233	6234	6236	6240	6242	
6245	6249	6251	6252	6254	
6256	6258	6261	6263	6266	
6270	6270	6271	6272	6273	
6274	6277	6277	6281	6291	
6292	6296	6299	6299	6302	
6304	6307	6308	6309	6311	
6311	6317	6318	6320	6325	
6326	6330	6330	6330	6331	
6335	6335	6336	6337	6337	
6339	6346	6347	6348	6349	
6351	6352	6356	6361	6363	
6364	6365	6367	6371	6372	
6383	6385	6385	6388	6392	
6394	6401	6409	6411	6411	
6414	6416	6419	6423	6426	
6428	6429	6431	6433	6436	
6437	6438	6444	6445	6447	
6448	6448	6449	6451	6456	
6457	6459	6460	6466	6469	
6474	6478	6480	6480	6486	
6487	6488	6497	6500	6500	
6505	6508	6512	6513	6513	
6515	6515	6521	6521	6523	
6539	6550	6555	6555	6557	
6558	6565	6567	6572	6580	
6589	6591	6593	6596	6597	
6597	6599	6602	6602	6603	
6605	6616	6618	6620	6624	
6628	6629	6633	6636	6641	
6645	6649	6651	6655	6659	
6660	6660	6661	6662	6666	
6668	6673	6675	6680	6682	
6684	6687	6687	6688	6699	
6699	6700	6704	6704	6708	
6708	6708	6710	6711	6725	
6731	6746	6747	6747	6747	
6755	6761	6761	6767	6778	
6779	6789	6790	6791	6791	
6798	6807	6808	6825	6825	
6827	6829	6830	6832	6832	
6835	6844	6845	6849	6851	
6856	6856	6859	6860	6863	
6867	6869	6870	6871	6873	
6874	6874	6874	6875	6875	
6890	6890	6901	6904	6907	
6908	6910	6916	6917	6922	
6923	6924	6932	6934	6935	
6937	6941	6942	6943	6945	
6947	6951	6951	6951	6956	
6958	6959	6962	6963	6968	
6971	6973	6973	6976	6978	
6981	6982	6983	6989	6991	
6993	6996	6996	7009	7012	
7013	7015	7020	7025	7025	
7034	7036	7043	7049	7049	
7053	7059	7059	7060	7069	
7072	7073	7078	7080	7081	
7086	7088	7089	7090	7093	
7094	7098	7105	7105	7105	
7109	7114	7116	7118	7123	
7125	7127	7127	7128	7130	
7130	7137	7143	7154	7160	
7172	7173	7179	7181	7182	
7190	7190	7190	7190	7197	
7201	7203	7208	7213	7214	
7217	7219	7219	7224	7235	
7236	7238	7238	7239	7251	
7252	7254	7256	7256	7259	
7259	7260	7261	7264	7267	
7274	7274	7277	7280	7280	
7281	7284	7298	7298	7302	
7304	7308	7310	7312	7319	
7324	7328	7331	7333	7335	
7338	7343	7344	7345	7346	
7348	7352	7353	7356	7361	
7362	7366	7368	7369	7369	
7370	7371	7376	7380	7383	
7383	7388	7389	7393	7402	
7410	7412	7422	7423	7423	
7427	7434	7438	7440	7440	
7440	7444	7444	7445	7449	
7450	7451	7461	7461	7463	
7473	7475	7477	7479	7483	
7484	7485	7485	7490	7501	
7502	7502	7511	7513	7515	
7518	7522	7522	7527	7528	
7529	7532	7534	7538	7543	
7543	7549	7551	7553	7553	
7562	7564	7567	7568	7575	
7576	7577	7581	7590	7596	
7600	7604	7606	7609	7610	
7613	7616	7616	7617	7627	
7631	7635	7638	7641	7642	
7642	7644	7648	7651	7651	
7654	7658	7660	7672	7675	
7677	7678	7680	7682	7686	
7689	7692	7693	7695	7700	
7704	7705	7711	7717	7719	
7723	7723	7728	7734	7738	
7741	7742	7742	7745	7754	
7759	7759	7760	7762	7771	
7772	7778	7779	7781	7783	
7787	7788	7788	7791	7795	
7796	7796	7800	7806	7807	
7809	7811	7812	7817	7823	
7824	7824	7828	7829	7831	
7831	7837	7839	7844	7847	
7847	7853	7857	7859	7859	
7861	7861	7862	7864	7868	
7869	7874	7875	7877	7882	
7889	7892	7892	7893	7899	
7901	7907	7908	7909	7910	
7911	7914	7916	7920	7920	
7923	7928	7948	7951	7957	
7959	7959	7960	7960	7962	
7963	7965	7966	7967	7968	
7970	7970	7971	7971	7974	
7974	7976	7976	7978	7988	
7997	8000	8008	8010	8011	
8016	8016	8021	8024	8026	
8040	8040	8047	8054	8054	
8056	8059	8061	8062	8065	
8069	8069	8072	8079	8081	
8081	8082	8082	8086	8089	
8097	8101	8102	8103	8109	
8112	8114	8114	8114	8117	
8125	8125	8126	8126	8126	
8131	8135	8136	8138	8143	
8144	8146	8149	8155	8161	
8166	8167	8174	8177	8179	
8179	8181	8182	8186	8187	
8190	8192	8196	8204	8207	
8211	8217	8219	8220	8220	
8222	8225	8230	8231	8233	
8234	8237	8242	8244	8246	
8251	8257	8262	8273	8276	
8277	8277	8278	8279	8280	
8284	8285	8289	8289	8292	
8310	8313	8318	8319	8320	
8324	8328	8333	8338	8339	
8339	8343	8345	8351	8356	
8362	8365	8369	8372	8376	
8376	8377	8377	8378	8386	
8387	8389	8393	8396	8399	
8399	8399	8400	8400	8402	
8408	8411	8411	8412	8415	
8422	8427	8431	8431	8437	
8438	8447	8449	8452	8457	
8465	8467	8470	8472	8472	
8474	8474	8475	8478	8486	
8496	8497	8500	8505	8508	
8509	8510	8510	8514	8515	
8519	8519	8524	8525	8526	
8528	8531	8531	8541	8544	
8548	8549	8553	8555	8565	
8566	8566	8575	8584	8589	
8596	8599	8604	8605	8606	
8611	8611	8617	8618	8622	
8625	8625	8627	8629	8629	
8633	8633	8634	8648	8655	
8655	8666	8674	8674	8677	
8679	8683	8683	8686	8686	
8696	8698	8700	8704	8710	
8714	8718	8719	8723	8732	
8734	8738	8739	8739	8742	
8745	8748	8751	8754	8758	
8764	8771	8772	8781	8787	
8788	8791	8793	8793	8796	
8800	8802	8802	8803	8804	
8804	8813	8830	8843	8843	
8846	8848	8848	8850	8857	
8860	8860	8863	8864	8865	
8866	8867	8868	8872	8873	
8884	8887	8888	8895	8898	
8899	8901	8901	8906	8906	
8910	8914	8919	8921	8921	
8926	8928	8932	8950	8951	
8951	8952	8956	8960	8960	
8961	8963	8964	8966	8966	
8979	8980	8981	8985	8987	
8987	8990	8991	8992	8997	
9008	9008	9020	9023	9029	
9029	9030	9030	9037	9037	
9047	9048	9052	9055	9057	
9057	9059	9059	9060	9066	
9070	9070	9071	9077	9077	
9077	9077	9088	9090	9095	
9095	9102	9102	9107	9111	
9115	9115	9117	9117	9118	
9119	9123	9126	9127	9129	
9136	9136	9137	9137	9139	
9140	9142	9143	9146	9153	
9160	9164	9165	9166	9168	
9170	9172	9182	9183	9188	
9193	9193	9194	9195	9202	
9203	9204	9206	9209	9209	
9212	9217	9222	9229	9233	
9235	9239	9242	9242	9242	
9243	9245	9248	9255	9257	
9258	9264	9269	9272	9290	
9293	9294	9297	9298	9306	
9316	9322	9322	9333	9341	
9351	9352	9355	9361	9362	
9364	9367	9368	9373	9377	
9379	9379	9381	9384	9391	
9397	9400	9401	9403	9403	
9404	9412	9412	9412	9412	
9414	9417	9420	9435	9436	
9440	9442	9442	9445	9445	
9451	9457	9466	9476	9481	
9485	9491	9494	9496	9500	
9500	9503	9503	9504	9506	
9509	9516	9525	9526	9529	
9531	9532	9533	9543	9543	
9549	9550	9551	9553	9562	
9563	9564	9575	9575	9577	
9579	9579	9581	9581	9589	
9590	9596	9597	9605	9609	
9610	9615	9615	9616	9616	
9624	9626	9631	9644	9653	
9654	9655	9662	9667	9680	
9686	9687	9688	9691	9695	
9696	9698	9699	9702	9703	
9709	9715	9716	9717	9724	
9731	9740	9745	9750	9752	
9753	9756	9756	9757	9758	
9762	9768	9771	9775	9778	
9778	9782	9783	9789	9789	
9795	9798	9798	9803	9811	
9820	9822	9827	9828	9829	
9834	9840	9844	9847	9853	
9854	9855	9856	9859	9859	
9867	9879	9880	9881	9884	
9884	9885	9888	9889	9892	
9893	9895	9897	9914	9917	
9919	9927	9930	9931	9933	
9940	9944	9950	9952	9953	
9958	9962	9965	9973	9973	
9975	9989	9991	9991	10001	
10005	10007	10007	10016	10021	
10022	10030	10042	10043	10048	
10048	10052	10057	10066	10066	
10070	10074	10075	10078	10082	
10083	10086	10087	10093	10099	
10100	10103	10108	10111	10121	
10122	10126	10127	10128	10131	
10132	10132	10134	10134	10137	
10137	10139	10148	10151	10151	
10153	10153	10154	10154	10161	
10167	10175	10176	10177	10185	
10187	10187	10191	10191	10191	
10193	10197	10202	10204	10207	
10210	10212	10212	10213	10213	
10216	10218	10222	10225	10229	
10232	10234	10242	10242	10249	
10255	10256	10257	10258	10264	
10268	10269	10272	10275	10277	
10279	10284	10288	10291	10294	
10296	10299	10302	10304	10313	
10319	10320	10321	10321	10329	
10334	10336	10336	10340	10343	
10350	10352	10354	10354	10354	
10355	10356	10357	10359	10366	
10372	10373	10375	10375	10376	
10379	10383	10392	10397	10399	
10406	10407	10408	10416	10422	
10423	10426	10431	10436	10441	
10442	10443	10452	10460	10461	
10465	10466	10474	10477	10487	
10487	10489	10490	10495	10502	
10502	10507	10509	10511	10514	
10524	10529	10532	10533	10533	
10534	10539	10541	10544	10546	
10547	10553	10555	10556	10556	
10562	10566	10570	10570	10570	
10572	10572	10573	10574	10580	
10580	10582	10583	10585	10586	
10587	10593	10599	10599	10606	
10616	10616	10619	10623	10623	
10623	10636	10640	10641	10643	
10645	10646	10649	10652	10654	
10656	10656	10667	10668	10669	
10670	10672	10676	10677	10680	
10682	10687	10688	10693	10696	
10699	10702	10702	10703	10705	
10714	10717	10719	10719	10720	
10721	10723	10729	10731	10734	
10738	10740	10740	10749	10751	
10756	10758	10761	10762	10763	
10764	10771	10773	10773	10775	
10780	10781	10782	10786	10787	
10788	10798	10803	10804	10807	
10814	10816	10817	10821	10823	
10823	10823	10833	10837	10843	
10854	10854	10857	10862	10864	
10876	10877	10877	10878	10879	
10880	10882	10891	10893	10902	
10902	10910	10912	10915	10917	
10918	10918	10926	10928	10930	
10938	10943	10953	10956	10959	
10966	10966	10967	10968	10973	
10980	10982	10991	10993	10994	
10996	10999	10999	11003	11004	
11004	11004	11011	11012	11018	
11022	11025	11028	11049	11052	
11055	11055	11062	11063	11068	
11074	11074	11077	11078	11082	
11083	11087	11094	11097	11102	
11105	11105	11108	11109	11110	
11113	11114	11119	11119	11124	
11124	11129	11131	11141	11141	
11143	11144	11146	11152	11153	
11155	11157	11158	11163	11165	
11166	11170	11173	11174	11175	
11176	11182	11189	11193	11197	
11202	11203	11206	11214	11219	
11221	11225	11238	11241	11241	
11254	11254	11262	11263	11264	
11267	11270	11271	11277	11282	
11289	11298	11298	11301	11303	
11305	11307	11313	11321	11325	
11336	11340	11342	11343	11347	
11349	11350	11355	11357	11363	
11365	11372	11373	11378	11380	
11382	11382	11386	11387	11388	
11388	11391	11401	11406	11407	
11413	11416	11421	11425	11426	
11427	11432	11437	11438	11442	
11443	11451	11458	11463	11468	
11470	11470	11474	11474	11476	
11478	11480	11480	11484	11488	
11494	11497	11505	11517	11518	
11520	11522	11531	11531	11535	
11537	11538	11552	11554	11561	
11565	11567	11567	11573	11580	
11583	11590	11593	11601	11602	
11603	11606	11608	11608	11610	
11614	11619	11636	11638	11638	
11638	11641	11643	11645	11646	
11648	11653	11654	11656	11662	
11666	11671	11675	11678	11687	
11688	11691	11693	11697	11698	
11700	11707	11709	11709	11712	
11715	11716	11718	11719	11728	
11742	11749	11751	11755	11763	
11763	11763	11765	11766	11768	
11772	11776	11778	11784	11785	
11799	11799	11801	11805	11806	
11812	11812	11812	11813	11814	
11816	11821	11825	11826	11828	
11831	11831	11831	11832	11837	
11840	11840	11844	11845	11845	
11846	11846	11858	11860	11861	
11862	11863	11871	11874	11879	
11882	11891	11891	11902	11905	
11905	11909	11910	11911	11913	
11915	11915	11916	11919	11927	
11928	11929	11933	11939	11941	
11942	11942	11943	11944	11944	
11946	11951	11952	11957	11962	
11965	11965	11966	11968	11973	
11978	11984	11986	11986	11988	
11991	11993	11993	11999	12001	
12011	12015	12017	12018	12020	
12020	12023	12024	12024	12035	
12037	12042	12045	12047	12050	
12051	12052	12057	12061	12063	
12078	12085	12089	12089	12092	
12093	12101	12111	12114	12119	
12120	12125	12132	12133	12134	
12135	12140	12141	12155	12155	
12161	12171	12174	12189	12190	
12190	12191	12194	12197	12200	
12202	12205	12211	12221	12228	
12232	12233	12233	12241	12241	
12249	12250	12255	12258	12262	
12266	12269	12269	12275	12277	
12280	12282	12295	12297	12301	
12315	12321	12327	12337	12339	
12343	12348	12356	12358	12359	
12361	12364	12364	12364	12370	
12372	12378	12382	12385	12389	
12400	12405	12406	12412	12417	
12430	12434	12437	12442	12443	
12445	12446	12447	12455	12462	
12464	12465	12467	12468	12469	
12474	12475	12483	12484	12491	
12493	12494	12505	12509	12511	
12512	12512	12514	12515	12521	
12522	12522	12523	12526	12526	
12528	12528	12529	12533	12533	
12537	12539	12542	12547	12548	
12555	12560	12564	12565	12565	
12569	12575	12583	12583	12584	
12594	12602	12602	12603	12608	
12612	12614	12615	12616	12620	
12623	12630	12630	12631	12637	
12641	12651	12652	12656	12660	
12663	12666	12669	12672	12673	
12675	12680	12682	12685	12686	
12686	12687	12689	12691	12692	
12693	12694	12695	12714	12720	
12721	12722	12730	12734	12743	
12747	12749	12758	12764	12765	
12769	12780	12782	12783	12786	
12791	12794	12802	12802	12815	
12817	12828	12832	12835	12836	
12837	12837	12838	12840	12844	
12847	12850	12855	12857	12866	
12866	12867	12868	12868	12871	
12875	12876	12881	12888	12892	
12897	12897	12899	12899	12904	
12905	12907	12914	12918	12921	
12925	12926	12927	12929	12930	
12936	12940	12948	12949	12954	
12956	12959	12964	12971	12972	
12976	12985	12987	12990	12991	
12996	12996	12997	12997	12998	
13001	13003	13004	13006	13007	
13015	13016	13020	13022	13026	
13027	13041	13044	13045	13050	
13050	13050	13052	13057	13058	
13069	13071	13072	13079	13082	
13083	13084	13085	13091	13092	
13115	13118	13118	13119	13125	
13128	13128	13131	13132	13136	
13142	13144	13147	13147	13149	
13151	13154	13160	13165	13170	
13175	13179	13181	13181	13182	
13183	13184	13190	13193	13193	
13197	13202	13210	13211	13213	
13215	13218	13221	13221	13230	
13231	13231	13235	13239	13241	
13242	13245	13245	13245	13246	
13246	13249	13258	13259	13261	
13263	13263	13266	13269	13272	
13274	13277	13281	13281	13285	
13286	13290	13292	13294	13298	
13299	13303	13304	13311	13322	
13322	13324	13332	13342	13344	
13345	13346	13351	13352	13355	
13355	13357	13361	13361	13366	
13369	13370	13378	13379	13380	
13385	13385	13389	13398	13403	
13403	13406	13406	13413	13413	
13413	13419	13421	13422	13429	
13429	13439	13441	13453	13462	
13464	13464	13464	13468	13469	
13472	13478	13480	13482	13484	
13484	13486	13487	13489	13500	
13500	13513	13516	13517	13519	
13523	13529	13531	13532	13532	
13534	13547	13548	13548	13557	
13559	13565	13573	13579	13580	
13591	13597	13597	13602	13610	
13612	13620	13620	13628	13629	
13631	13636	13636	13642	13642	
13648	13660	13663	13667	13669	
13675	13679	13679	13679	13687	
13693	13695	13697	13701	13702	
13706	13707	13708	13711	13712	
13712	13716	13717	13718	13718	
13723	13733	13733	13734	13735	
13737	13742	13742	13746	13752	
13755	13756	13759	13761	13766	
13767	13769	13777	13777	13781	
13787	13788	13789	13795	13796	
13797	13801	13809	13810	13816	
13820	13825	13829	13834	13835	
13835	13843	13845	13848	13852	
13855	13855	13858	13861	13867	
13867	13868	13871	13878	13882	
13887	13890	13891	13893	13898	
13903	13918	13922	13923	13926	
13932	13933	13934	13938	13938	
13939	13944	13945	13947	13948	
13949	13950	13953	13958	13964	
13970	13973	13973	13973	13976	
13982	13986	13986	13990	14003	
14008	14010	14012	14014	14015	
14023	14035	14046	14049	14051	
14064	14065	14066	14066	14071	
14075	14077	14085	14087	14089	
14097	14100	14103	14108	14110	
14113	14114	14116	14119	14127	
14138	14142	14150	14151	14151	
14155	14169	14170	14179	14179	
14181	14186	14187	14199	14200	
14207	14207	14208	14208	14218	
14220	14221	14225	14229	14233	
14240	14243	14246	14251	14257	
14258	14261	14269	14275	14276	
14279	14280	14281	14288	14288	
14288	14307	14308	14310	14312	
14322	14334	14339	14339	14340	
14340	14344	14346	14348	14357	
14363	14365	14372	14375	14378	
14381	14389	14389	14390	14390	
14391	14395	14398	14402	14406	
14415	14416	14420	14423	14423	
14442	14444	14444	14446	14451	
14454	14455	14458	14460	14462	
14463	14469	14473	14475	14477	
14477	14479	14479	14494	14499	
14500	14505	14505	14505	14509	
14510	14521	14521	14523	14530	
14531	14534	14537	14540	14541	
14541	14548	14555	14562	14566	
14580	14592	14595	14600	14609	
14609	14610	14611	14612	14616	
14618	14626	14635	14638	14639	
14644	14649	14651	14654	14659	
14663	14664	14678	14679	14679	
14683	14689	14689	14693	14699	
14703	14719	14720	14722	14723	
14725	14726	14726	14728	14730	
14730	14736	14737	14745	14753	
14754	14754	14758	14758	14765	
14770	14775	14779	14781	14782	
14785	14790	14797	14798	14798	
14800	14804	14804	14807	14809	
14810	14811	14817	14822	14825	
14831	14832	14833	14834	14836	
14837	14844	14850	14854	14857	
14860	14860	14863	14864	14865	
14867	14867	14867	14870	14871	
14874	14880	14885	14887	14891	
14893	14898	14901	14902	14902	
14904	14908	14912	14917	14921	
14923	14924	14927	14929	14930	
14936	14939	14943	14945	14951	
14953	14954	14955	14969	14970	
14974	14978	14982	14984	14984	
14993	14995	15001	15006	15007	
15017	15018	15023	15024	15030	
15035	15037	15056	15057	15057	
15058	15059	15069	15069	15079	
15080	15081	15085	15087	15088	
15090	15092	15092	15093	15094	
15095	15095	15104	15104	15105	
15106	15107	15107	15108	15108	
15112	15119	15121	15126	15131	
15132	15133	15142	15147	15148	
15151	15156	15159	15161	15165	
15167	15175	15175	15177	15178	
15180	15181	15181	15185	15187	
15197	15201	15205	15208	15208	
15215	15218	15227	15228	15229	
15229	15230	15232	15238	15239	
15240	15240	15240	15241	15241	
15246	15249	15254	15255	15257	
15258	15258	15261	15270	15271	
15275	15276	15282	15285	15286	
15295	15296	15296	15298	15307	
15311	15317	15320	15321	15324	
15324	15330	15333	15333	15354	
15357	15358	15359	15362	15365	
15366	15379	15382	15389	15389	
15393	15404	15407	15408	15409	
15413	15414	15415	15416	15418	
15420	15424	15426	15428	15439	
15441	15452	15454	15454	15455	
15461	15462	15464	15466	15477	
15482	15482	15482	15493	15498	
15500	15503	15513	15516	15518	
15525	15530	15539	15539	15541	
15542	15543	15551	15556	15556	
15558	15561	15565	15567	15568	
15569	15570	15572	15576	15584	
15591	15593	15598	15599	15602	
15603	15603	15604	15605	15607	
15621	15622	15631	15633	15634	
15638	15639	15640	15640	15644	
15647	15649	15652	15653	15653	
15658	15663	15663	15666	15667	
15668	15668	15669	15672	15673	
15678	15684	15686	15687	15690	
15694	15698	15698	15706	15707	
15711	15711	15720	15743	15746	
15748	15755	15756	15760	15761	
15762	15764	15768	15771	15772	
15773	15774	15783	15785	15787	
15787	15790	15794	15797	15802	
15808	15812	15816	15819	15821	
15826	15827	15839	15842	15847	
15852	15852	15854	15859	15860	
15860	15861	15869	15875	15875	
15888	15892	15893	15894	15895	
15898	15901	15907	15911	15912	
15915	15920	15921	15922	15922	
15923	15923	15924	15926	15928	
15933	15935	15935	15935	15937	
15946	15946	15954	15954	15956	
15958	15961	15963	15964	15965	
15966	15969	15973	15982	15986	
15988	15988	15989	15996	15999	
15999	16000	16000	16007	16008	
16010	16011	16023	16024	16030	
16038	16040	16043	16045	16052	
16052	16052	16054	16059	16061	
16061	16069	16071	16072	16076	
16077	16081	16081	16081	16082	
16082	16086	16088	16094	16095	
16099	16100	16105	16110	16111	
16112	16112	16113	16117	16125	
16126	16132	16134	16135	16155	
16161	16162	16164	16165	16166	
16172	16177	16184	16189	16193	
16194	16195	16198	16200	16203	
16203	16207	16211	16212	16218	
16219	16224	16224	16226	16226	
16229	16229	16231	16240	16246	
16247	16251	16257	16262	16264	
16276	16279	16279	16279	16281	
16281	16283	16286	16289	16290	
16294	16297	16298	16298	16305	
16308	16309	16310	16316	16319	
16321	16323	16324	16327	16331	
16334	16335	16338	16352	16368	
16369	16377	16377	16377	16382	
16383	16386	16389	16389	16397	
16401	16404	16404	16408	16408	
16409	16410	16412	16414	16416	
16418	16420	16434	16435	16436	
16442	16443	16445	16445	16457	
16459	16462	16462	16470	16474	
16474	16475	16481	16486	16492	
16494	16494	16495	16497	16505	
16510	16512	16515	16521	16523	
16525	16526	16527	16531	16537	
16539	16539	16540	16541	16544	
16549	16555	16555	16559	16565	
16565	16570	16573	16577	16577	
16597	16597	16601	16609	16614	
16616	16617	16618	16618	16621	
16622	16622	16625	16628	16632	
16636	16637	16642	16643	16649	
16649	16655	16665	16667	16668	
16670	16670	16683	16686	16687	
16687	16691	16694	16700	16708	
16709	16713	16715	16716	16717	
16718	16733	16736	16737	16738	
16741	16742	16745	16746	16752	
16762	16770	16770	16774	16779	
16782	16783	16789	16790	16798	
16802	16806	16807	16812	16813	
16820	16821	16822	16824	16836	
16838	16842	16863	16870	16871	
16876	16878	16880	16884	16885	
16886	16892	16893	16900	16901	
16903	16905	16905	16907	16908	
16918	16918	16921	16922	16928	
16932	16944	16945	16946	16948	
16954	16955	16956	16960	16963	
16963	16968	16977	16988	16989	
16992	16992	16995	16995	16996	
16997	16997	17000	17001	17004	
17004	17005	17006	17009	17010	
17015	17020	17022	17022	17025	
17025	17032	17033	17033	17035	
17036	17040	17052	17061	17062	
17069	17071	17073	17079	17087	
17091	17091	17097	17101	17103	
17103	17106	17106	17109	17111	
17111	17111	17119	17120	17122	
17134	17134	17134	17136	17137	
17142	17156	17157	17160	17164	
17167	17167	17168	17170	17170	
17173	17175	17180	17185	17193	
17193	17193	17193	17194	17196	
17199	17213	17218	17220	17222	
17228	17231	17248	17251	17252	
17254	17256	17261	17261	17266	
17266	17267	17268	17276	17277	
17277	17283	17284	17285	17288	
17294	17297	17301	17307	17310	
17312	17312	17321	17333	17336	
17337	17338	17339	17341	17341	
17347	17359	17364	17364	17367	
17367	17371	17376	17378	17380	
17383	17385	17385	17389	17389	
17393	17396	17396	17403	17404	
17412	17418	17422	17423	17424	
17424	17425	17426	17426	17427	
17428	17432	17434	17434	17435	
17436	17440	17442	17443	17444	
17449	17452	17461	17467	17472	
17474	17476	17478	17478	17479	
17482	17484	17495	17499	17500	
17504	17504	17516	17517	17520	
17523	17526	17540	17541	17547	
17549	17550	17555	17559	17563	
17566	17571	17571	17572	17581	
17581	17583	17585	17585	17588	
17590	17591	17593	17601	17601	
17603	17605	17606	17607	17609	
17611	17613	17614	17619	17620	
17625	17626	17627	17628	17628	
17637	17640	17659	17660	17663	
17663	17667	17684	17684	17685	
17687	17690	17690	17691	17693	
17694	17697	17700	17700	17701	
17702	17705	17712	17712	17723	
17725	17727	17731	17739	17739	
17744	17747	17749	17751	17751	
17752	17752	17754	17757	17759	
17762	17762	17766	17766	17770	
17772	17774	17774	17776	17776	
17795	17806	17809	17810	17817	
17822	17822	17824	17828	17836	
17852	17855	17856	17862	17863	
17863	17865	17866	17866	17869	
17871	17881	17882	17882	17887	
17888	17888	17889	17898	17901	
17903	17910	17911	17912	17912	
17912	17917	17917	17918	17918	
17920	17921	17925	17926	17929	
17933	17934	17937	17942	17942	
17943	17943	17946	17953	17955	
17958	17961	17967	17973	17977	
17978	17979	17980	17986	17987	
17997	18004	18008	18009	18013	
18018	18019	18027	18031	18038	
18044	18044	18047	18050	18051	
18052	18054	18058	18058	18067	
18070	18070	18073	18075	18075	
18086	18087	18092	18094	18094	
18094	18097	18098	18100	18110	
18111	18112	18115	18117	18119	
18121	18128	18128	18133	18136	
18137	18138	18145	18146	18146	
18152	18152	18153	18163	18171	
18174	18177	18187	18187	18190	
18191	18195	18197	18198	18199	
18202	18204	18206	18208	18208	
18208	18209	18215	18216	18219	
18221	18222	18225	18226	18230	
18230	18233	18235	18238	18238	
18253	18256	18258	18262	18266	
18266	18273	18275	18277	18277	
18278	18278	18286	18289	18290	
18293	18296	18305	18307	18307	
18313	18313	18314	18314	18315	
18316	18324	18324	18325	18330	
18338	18339	18341	18348	18350	
18356	18358	18359	18364	18368	
18368	18370	18370	18371	18377	
18379	18381	18381	18381	18384	
18384	18384	18386	18388	18391	
18393	18394	18396	18403	18405	
18421	18423	18424	18427	18433	
18437	18439	18440	18442	18444	
18445	18446	18447	18451	18451	
18452	18455	18457	18462	18466	
18467	18473	18473	18474	18478	
18479	18480	18488	18488	18492	
18492	18492	18499	18506	18508	
18508	18514	18517	18526	18534	
18536	18542	18548	18548	18561	
18563	18563	18564	18570	18578	
18583	18586	18591	18593	18594	
18595	18599	18601	18602	18606	
18607	18613	18623	18623	18630	
18637	18640	18641	18660	18666	
18671	18672	18680	18683	18683	
18685	18690	18692	18692	18693	
18704	18717	18717	18718	18725	
18727	18728	18735	18736	18745	
18745	18747	18752	18759	18763	
18764	18764	18766	18768	18772	
18772	18774	18781	18786	18792	
18796	18796	18797	18799	18802	
18810	18810	18814	18814	18814	
18816	18822	18828	18833	18838	
18841	18845	18845	18846	18853	
18857	18858	18860	18863	18863	
18872	18875	18879	18879	18880	
18882	18886	18886	18893	18894	
18896	18896	18901	18907	18909	
18909	18917	18919	18920	18923	
18924	18931	18941	18947	18952	
18964	18965	18968	18970	18970	
18978	18980	18985	18988	18994	
18997	19005	19016	19017	19020	
19020	19022	19022	19026	19027	
19028	19036	19037	19040	19043	
19044	19045	19047	19048	19050	
19056	19057	19064	19068	19069	
19070	19070	19078	19078	19081	
19081	19082	19082	19085	19085	
19086	19088	19096	19098	19099	
19100	19107	19108	19109	19109	
19111	19111	19118	19119	19119	
19120	19121	19123	19125	19128	
19133	19138	19142	19151	19152	
19152	19153	19157	19157	19162	
19163	19165	19165	19166	19169	
19173	19174	19174	19181	19182	
19184	19186	19191	19192	19193	
19194	19196	19198	19205	19210	
19211	19212	19214	19215	19220	
19224	19225	19228	19235	19242	
19251	19256	19259	19262	19262	
19263	19263	19265	19271	19271	
19272	19274	19284	19286	19300	
19300	19302	19307	19310	19310	
19312	19317	19323	19325	19327	
19327	19330	19332	19336	19338	
19338	19340	19343	19354	19359	
19365	19373	19377	19383	19386	
19393	19394	19396	19397	19401	
19404	19408	19409	19409	19412	
19421	19422	19429	19430	19431	
19436	19438	19441	19441	19443	
19445	19449	19452	19454	19461	
19464	19465	19472	19479	19482	
19483	19485	19486	19490	19493	
19515	19517	19518	19524	19528	
19529	19531	19534	19536	19538	
19538	19540	19556	19557	19558	
19565	19568	19569	19570	19577	
19582	19588	19589	19592	19595	
19597	19601	19602	19603	19606	
19622	19629	19642	19643	19644	
19645	19645	19645	19650	19651	
19652	19655	19656	19659	19660	
19662	19667	19671	19672	19690	
19690	19694	19699	19701	19702	
19703	19707	19713	19717	19725	
19725	19727	19732	19737	19738	
19739	19741	19743	19752	19752	
19756	19758	19765	19767	19768	
19769	19769	19772	19774	19775	
19777	19780	19782	19793	19794	
19799	19806	19808	19809	19822	
19823	19829	19833	19853	19854	
19855	19857	19857	19857	19858	
19860	19861	19866	19866	19868	
19870	19873	19874	19876	19882	
19884	19884	19892	19894	19905	
19907	19913	19914	19917	19917	
19922	19925	19926	19932	19933	
19935	19936	19938	19940	19941	
19946	19949	19953	19964	19965	
19968	19974	19978	19989	19992	
19993	19998	19999	20009	20010	
20013	20023	20026	20031	20033	
20034	20037	20039	20044	20044	
20045	20046	20047	20051	20051	
20051	20053	20057	20058	20058	
20059	20059	20060	20060	20070	
20074	20086	20087	20094	20095	
20096	20096	20098	20102	20105	
20105	20106	20110	20112	20112	
20120	20120	20126	20128	20129	
20129	20132	20133	20138	20141	
20141	20146	20152	20163	20167	
20168	20169	20172	20177	20181	
20184	20185	20186	20190	20193	
20196	20201	20204	20205	20217	
20217	20227	20231	20238	20239	
20239	20248	20251	20255	20255	
20256	20257	20271	20272	20277	
20281	20283	20284	20284	20295	
20298	20300	20303	20306	20319	
20319	20320	20324	20331	20334	
20337	20337	20341	20348	20350	
20351	20352	20352	20354	20356	
20365	20368	20370	20374	20374	
20375	20379	20380	20380	20381	
20381	20381	20382	20383	20386	
20391	20393	20393	20394	20399	
20401	20413	20425	20425	20432	
20435	20437	20441	20442	20450	
20457	20464	20473	20474	20476	
20477	20478	20478	20481	20482	
20484	20485	20493	20498	20500	
20502	20509	20512	20513	20521	
20528	20531	20535	20535	20541	
20542	20549	20549	20553	20553	
20553	20554	20556	20563	20564	
20565	20577	20577	20580	20583	
20583	20583	20584	20591	20598	
20600	20602	20605	20608	20608	
20613	20618	20625	20626	20627	
20628	20629	20630	20631	20631	
20638	20639	20641	20649	20653	
20655	20657	20658	20661	20662	
20665	20666	20685	20689	20702	
20708	20708	20715	20718	20718	
20719	20719	20720	20721	20723	
20723	20724	20725	20734	20738	
20739	20742	20746	20748	20750	
20751	20752	20753	20754	20756	
20759	20760	20763	20763	20764	
20768	20769	20770	20772	20773	
20779	20780	20786	20787	20787	
20788	20788	20789	20798	20798	
20809	20810	20814	20821	20822	
20835	20836	20849	20850	20855	
20856	20860	20862	20862	20872	
20876	20877	20882	20885	20893	
20895	20895	20900	20906	20913	
20914	20918	20918	20921	20923	
20925	20936	20937	20939	20942	
20946	20952	20959	20967	20967	
20972	20973	20976	20978	20985	
20986	20989	20989	20992	20993	
21005	21005	21006	21006	21007	
21015	21015	21025	21026	21029	
21029	21029	21033	21036	21038	
21041	21050	21054	21056	21058	
21061	21068	21086	21087	21089	
21094	21100	21101	21105	21105	
21110	21115	21128	21133	21134	
21134	21141	21143	21144	21146	
21147	21147	21148	21148	21155	
21155	21156	21158	21158	21161	
21163	21169	21171	21173	21173	
21176	21181	21181	21181	21184	
21191	21198	21202	21205	21212	
21218	21220	21226	21229	21251	
21257	21260	21263	21263	21270	
21276	21284	21285	21291	21292	
21295	21298	21298	21299	21303	
21304	21307	21309	21310	21311	
21311	21312	21313	21314	21316	
21318	21320	21321	21324	21326	
21332	21339	21345	21350	21355	
21355	21356	21356	21361	21363	
21365	21366	21369	21369	21373	
21376	21378	21383	21388	21390	
21392	21393	21395	21396	21402	
21405	21413	21420	21427	21432	
21435	21443	21449	21458	21458	
21463	21472	21474	21475	21475	
21480	21484	21484	21486	21496	
21498	21501	21503	21504	21505	
21508	21509	21517	21518	21520	
21520	21527	21530	21535	21537	
21542	21552	21552	21555	21561	
21561	21562	21563	21573	21573	
21575	21578	21583	21597	21600	
21602	21603	21608	21611	21613	
21614	21614	21616	21619	21619	
21629	21629	21632	21643	21644	
21646	21646	21646	21647	21647	
21651	21652	21652	21657	21658	
21661	21665	21668	21673	21674	
21676	21677	21683	21683	21683	
21693	21702	21703	21707	21708	
21711	21712	21716	21716	21717	
21721	21727	21730	21733	21734	
21738	21739	21740	21740	21741	
21741	21752	21753	21753	21763	
21765	21767	21768	21770	21772	
21772	21777	21778	21779	21779	
21788	21808	21814	21818	21822	
21823	21828	21831	21833	21835	
21840	21841	21851	21855	21855	
21856	21865	21867	21871	21878	
21878	21883	21886	21889	21892	
21898	21898	21899	21906	21907	
21907	21907	21912	21917	21917	
21922	21924	21934	21937	21938	
21939	21945	21949	21957	21960	
21961	21963	21971	21975	21980	
21983	21985	21988	21991	21998	
21999	21999	22001	22001	22005	
22008	22008	22016	22019	22019	
22025	22026	22027	22032	22039	
22041	22045	22046	22046	22046	
22051	22052	22059	22061	22062	
22068	22068	22069	22070	22070	
22071	22076	22077	22086	22087	
22088	22089	22097	22101	22101	
22106	22108	22109	22111	22112	
22113	22115	22120	22130	22134	
22136	22137	22142	22148	22152	
22153	22155	22156	22158	22160	
22166	22167	22168	22169	22169	
22170	22172	22179	22180	22182	
22183	22186	22189	22190	22190	
22193	22193	22194	22196	22201	
22203	22203	22210	22211	22212	
22214	22224	22227	22243	22254	
22254	22257	22262	22271	22272	
22277	22278	22278	22283	22290	
22308	22311	22314	22316	22316	
22317	22319	22320	22321	22323	
22324	22339	22341	22341	22347	
22350	22353	22356	22367	22369	
22369	22371	22374	22378	22382	
22394	22398	22398	22399	22401	
22402	22404	22409	22416	22419	
22422	22423	22425	22429	22435	
22439	22442	22443	22452	22459	
22464	22466	22468	22469	22469	
22470	22474	22475	22476	22477	
22488	22496	22500	22500	22500	
22502	22506	22508	22511	22512	
22512	22518	22529	22530	22534	
22536	22537	22540	22543	22547	
22547	22548	22550	22554	22556	
22557	22564	22565	22566	22571	
22571	22572	22573	22586	22586	
22589	22589	22593	22593	22594	
22597	22600	22601	22612	22628	
22628	22629	22637	22637	22643	
22647	22663	22664	22665	22667	
22668	22668	22670	22674	22678	
22679	22679	22680	22681	22683	
22684	22685	22687	22687	22689	
22696	22700	22703	22706	22736	
22739	22742	22750	22750	22751	
22752	22759	22762	22763	22763	
22765	22767	22769	22775	22775	
22781	22781	22797	22799	22804	
22805	22810	22813	22814	22818	
22825	22826	22828	22835	22841	
22843	22846	22856	22857	22859	
22863	22864	22870	22870	22872	
22875	22875	22876	22878	22879	
22880	22892	22894	22922	22924	
22927	22933	22937	22942	22942	
22942	22946	22946	22952	22952	
22957	22959	22960	22962	22965	
22968	22969	22970	22973	22979	
22980	22983	22983	22986	22988	
22990	22998	22999	23001	23007	
23010	23014	23026	23026	23030	
23038	23046	23048	23048	23049	
23053	23054	23063	23068	23070	
23076	23077	23086	23092	23096	
23098	23103	23104	23106	23111	
23114	23117	23117	23124	23125	
23136	23138	23144	23146	23147	
23151	23152	23162	23164	23167	
23177	23182	23185	23187	23188	
23195	23197	23198	23200	23203	
23205	23205	23212	23216	23216	
23220	23221	23226	23227	23228	
23228	23231	23237	23243	23247	
23249	23251	23264	23270	23278	
23280	23280	23288	23290	23291	
23292	23294	23300	23301	23303	
23306	23309	23311	23311	23316	
23320	23327	23333	23335	23338	
23339	23349	23350	23357	23360	
23361	23364	23373	23379	23380	
23382	23384	23390	23391	23398	
23399	23403	23411	23414	23415	
23416	23417	23419	23420	23426	
23427	23427	23428	23432	23433	
23433	23433	23435	23437	23437	
23444	23445	23446	23446	23452	
23454	23459	23461	23470	23470	
23472	23476	23477	23477	23477	
23482	23483	23486	23489	23493	
23493	23494	23498	23499	23501	
23521	23522	23525	23527	23528	
23529	23535	23536	23543	23545	
23563	23574	23574	23575	23587	
23589	23590	23592	23595	23604	
23605	23609	23610	23613	23617	
23629	23636	23639	23642	23642	
23645	23653	23654	23656	23657	
23658	23665	23671	23679	23681	
23681	23682	23685	23695	23696	
23698	23700	23714	23720	23724	
23725	23729	23735	23740	23740	
23747	23749	23750	23755	23755	
23756	23760	23763	23764	23769	
23777	23781	23781	23783	23787	
23794	23796	23798	23801	23807	
23807	23816	23817	23819	23819	
23821	23824	23829	23830	23831	
23832	23839	23842	23842	23843	
23844	23846	23852	23856	23856	
23861	23866	23875	23875	23877	
23882	23882	23883	23884	23885	
23885	23889	23889	23892	23901	
23904	23905	23909	23909	23911	
23916	23922	23927	23929	23930	
23933	23935	23936	23939	23949	
23952	23959	23960	23977	23983	
23983	23987	23996	23997	24004	
24005	24007	24008	24008	24015	
24018	24020	24023	24027	24030	
24033	24033	24036	24037	24037	
24038	24038	24038	24039	24041	
24045	24047	24049	24050	24053	
24054	24054	24055	24062	24067	
24069	24071	24073	24079	24086	
24087	24093	24100	24100	24101	
24109	24120	24122	24124	24132	
24135	24142	24145	24145	24147	
24151	24152	24153	24158	24160	
24166	24167	24168	24169	24176	
24177	24180	24181	24191	24203	
24203	24204	24220	24221	24223	
24223	24224	24224	24226	24241	
24253	24262	24265	24267	24270	
24270	24271	24272	24279	24281	
24282	24284	24296	24297	24301	
24309	24314	24315	24315	24318	
24318	24322	24323	24323	24325	
24325	24327	24333	24336	24345	
24345	24346	24352	24352	24358	
24358	24358	24358	24359	24362	
24368	24369	24370	24378	24379	
24384	24385	24393	24393	24397	
24397	24398	24404	24405	24408	
24409	24410	24412	24413	24413	
24415	24419	24421	24425	24425	
24427	24429	24429	24430	24431	
24432	24436	24436	24439	24444	
24450	24450	24452	24460	24470	
24470	24472	24476	24477	24477	
24479	24480	24482	24484	24485	
24486	24488	24488	24489	24493	
24499	24499	24505	24506	24509	
24509	24515	24518	24524	24525	
24526	24526	24528	24537	24539	
24546	24548	24548	24552	24553	
24556	24559	24559	24562	24564	
24567	24568	24571	24571	24572	
24573	24576	24578	24581	24583	
24584	24586	24587	24589	24596	
24597	24598	24600	24601	24606	
24606	24614	24615	24616	24616	
24618	24618	24626	24633	24640	
24646	24648	24648	24652	24652	
24654	24656	24656	24661	24669	
24674	24680	24680	24680	24684	
24685	24687	24689	24690	24691	
24691	24692	24699	24699	24703	
24705	24707	24710	24712	24713	
24714	24717	24718	24722	24723	
24729	24736	24738	24742	24744	
24746	24749	24749	24751	24751	
24752	24758	24759	24760	24761	
24762	24767	24769	24771	24773	
24780	24784	24785	24786	24791	
24795	24795	24802	24803	24803	
24804	24805	24806	24808	24809	
24815	24817	24821	24821	24830	
24831	24834	24834	24837	24838	
24839	24839	24842	24851	24860	
24861	24864	24874	24876	24878	
24879	24881	24884	24886	24888	
24898	24899	24905	24919	24927	
24927	24928	24935	24935	24938	
24941	24947	24948	24949	24953	
24958	24959	24961	24967	24973	
24974	24987	24997	25002	25004	
25006	25008	25012	25031	25032	
25032	25032	25033	25033	25033	
25037	25037	25038	25039	25040	
25043	25044	25045	25045	25052	
25053	25059	25060	25066	25076	
25081	25086	25086	25093	25106	
25110	25128	25129	25134	25135	
25136	25140	25144	25144	25146	
25148	25149	25152	25152	25152	
25164	25166	25170	25171	25175	
25176	25177	25184	25185	25188	
25191	25193	25199	25208	25210	
25211	25214	25216	25216	25217	
25217	25220	25220	25223	25234	
25235	25237	25237	25238	25245	
25251	25252	25255	25262	25264	
25266	25266	25273	25273	25275	
25276	25277	25279	25288	25289	
25292	25292	25310	25315	25319	
25321	25321	25325	25325	25327	
25331	25342	25344	25352	25352	
25357	25358	25365	25366	25367	
25368	25372	25375	25376	25377	
25379	25384	25390	25391	25396	
25401	25402	25406	25407	25414	
25414	25416	25421	25426	25428	
25430	25432	25436	25446	25447	
25453	25454	25455	25460	25461	
25461	25465	25465	25467	25467	
25468	25475	25476	25476	25484	
25489	25500	25518	25521	25522	
25523	25525	25531	25532	25543	
25546	25547	25548	25549	25557	
25560	25562	25566	25567	25568	
25572	25575	25576	25599	25607	
25611	25614	25623	25633	25637	
25640	25643	25644	25646	25654	
25656	25663	25666	25666	25668	
25668	25670	25671	25671	25672	
25673	25676	25676	25677	25677	
25685	25689	25690	25694	25699	
25700	25700	25702	25705	25713	
25714	25723	25725	25726	25727	
25729	25732	25733	25734	25742	
25742	25743	25746	25750	25752	
25753	25755	25760	25762	25762	
25764	25773	25781	25782	25783	
25784	25786	25792	25796	25796	
25796	25802	25802	25804	25809	
25810	25810	25811	25821	25835	
25836	25837	25838	25844	25844	
25845	25847	25851	25858	25866	
25870	25875	25875	25876	25876	
25880	25886	25886	25888	25892	
25899	25902	25903	25911	25914	
25917	25919	25921	25921	25925	
25926	25929	25933	25933	25940	
25945	25947	25947	25953	25956	
25968	25970	25970	25987	25989	
25994	25997	26000	26003	26003	
26010	26020	26024	26025	26027	
26031	26032	26036	26040	26043	
26047	26052	26053	26054	26055	
26065	26065	26065	26067	26069	
26070	26083	26083	26086	26090	
26094	26095	26096	26102	26104	
26104	26104	26104	26108	26111	
26112	26113	26115	26117	26124	
26124	26130	26135	26138	26142	
26144	26145	26149	26149	26155	
26157	26157	26162	26164	26169	
26169	26169	26170	26179	26180	
26181	26185	26185	26186	26195	
26200	26201	26202	26203	26214	
26220	26226	26230	26232	26232	
26235	26236	26246	26250	26253	
26256	26257	26263	26266	26267	
26270	26272	26277	26277	26291	
26291	26292	26296	26296	26303	
26305	26307	26313	26316	26317	
26324	26325	26327	26327	26333	
26335	26339	26343	26344	26346	
26347	26348	26352	26356	26364	
26366	26366	26367	26369	26373	
26373	26375	26379	26381	26382	
26383	26384	26385	26386	26389	
26389	26390	26398	26401	26402	
26403	26405	26408	26411	26416	
26417	26423	26424	26426	26429	
26439	26441	26442	26443	26468	
26470	26470	26474	26483	26490	
26493	26505	26505	26505	26507	
26509	26510	26513	26515	26529	
26530	26532	26536	26539	26549	
26550	26555	26557	26557	26559	
26566	26570	26574	26587	26590	
26592	26602	26613	26615	26620	
26628	26628	26633	26635	26639	
26640	26645	26645	26656	26660	
26663	26666	26671	26671	26674	
26674	26675	26678	26679	26683	
26684	26691	26691	26692	26692	
26692	26696	26698	26699	26706	
26707	26707	26713	26715	26724	
26732	26733	26737	26744	26745	
26747	26748	26754	26754	26759	
26761	26763	26764	26766	26767	
26770	26771	26777	26784	26786	
26790	26793	26798	26801	26804	
26805	26810	26814	26822	26823	
26827	26828	26831	26833	26834	
26836	26841	26844	26848	26849	
26849	26858	26864	26865	26866	
26872	26874	26879	26886	26886	
26890	26894	26894	26895	26896	
26897	26902	26911	26914	26914	
26914	26915	26919	26920	26928	
26930	26933	26939	26939	26941	
26949	26949	26951	26958	26961	
26961	26969	26969	26973	26980	
26981	26994	26995	26998	26998	
26999	27001	27001	27002	27003	
27007	27012	27017	27017	27018	
27021	27027	27029	27031	27031	
27033	27035	27037	27043	27044	
27051	27052	27064	27066	27069	
27069	27071	27079	27083	27084	
27093	27093	27097	27097	27097	
27099	27102	27103	27121	27124	
27130	27131	27136	27137	27143	
27143	27144	27147	27147	27149	
27150	27153	27156	27158	27160	
27162	27167	27167	27168	27174	
27185	27187	27190	27191	27195	
27197	27198	27198	27199	27199	
27200	27201	27202	27203	27207	
27219	27222	27223	27226	27235	
27237	27238	27239	27240	27241	
27241	27249	27259	27268	27269	
27270	27283	27285	27286	27287	
27288	27289	27296	27300	27302	
27304	27308	27308	27309	27312	
27317	27320	27325	27335	27335	
27337	27339	27344	27345	27348	
27349	27353	27368	27368	27372	
27373	27374	27374	27378	27378	
27378	27380	27380	27382	27389	
27389	27391	27399	27403	27404	
27405	27412	27415	27430	27435	
27438	27440	27442	27446	27448	
27464	27464	27472	27476	27479	
27481	27483	27488	27489	27489	
27495	27502	27513	27519	27524	
27531	27535	27543	27548	27552	
27553	27557	27558	27558	27564	
27584	27593	27599	27600	27601	
27612	27615	27620	27622	27625	
27625	27637	27638	27645	27646	
27646	27647	27656	27657	27661	
27661	27665	27666	27668	27670	
27674	27675	27678	27678	27680	
27681	27683	27685	27690	27710	
27715	27720	27720	27721	27721	
27724	27724	27725	27735	27741	
27744	27747	27752	27752	27753	
27754	27756	27765	27772	27774	
27776	27776	27777	27779	27791	
27791	27791	27794	27799	27800	
27800	27806	27806	27807	27814	
27817	27817	27818	27819	27820	
27820	27823	27845	27849	27850	
27854	27858	27863	27866	27873	
27877	27882	27883	27888	27889	
27889	27891	27894	27896	27904	
27914	27918	27921	27922	27923	
27924	27929	27931	27936	27939	
27941	27942	27947	27952	27952	
27953	27962	27965	27969	27970	
27971	27971	27977	27978	27979	
27980	27984	27998	28010	28015	
28019	28020	28024	28029	28037	
28044	28045	28045	28047	28051	
28051	28053	28056	28056	28059	
28059	28062	28062	28063	28066	
28069	28072	28072	28075	28078	
28090	28093	28093	28094	28097	
28098	28105	28109	28110	28110	
28111	28115	28120	28120	28122	
28124	28128	28133	28134	28138	
28140	28143	28144	28148	28149	
28150	28158	28160	28164	28164	
28171	28171	28173	28176	28176	
28180	28191	28192	28195	28197	
28197	28200	28201	28202	28203	
28206	28207	28208	28208	28209	
28210	28214	28217	28220	28222	
28222	28225	28238	28241	28242	
28242	28244	28248	28252	28254	
28254	28255	28256	28256	28256	
28259	28264	28268	28278	28284	
28290	28290	28294	28297	28299	
28299	28307	28310	28320	28321	
28325	28329	28330	28334	28334	
28334	28335	28336	28337	28338	
28346	28358	28359	28361	28364	
28364	28367	28370	28375	28376	
28386	28390	28392	28399	28403	
28407	28409	28410	28411	28411	
28421	28429	28437	28438	28442	
28444	28450	28451	28452	28454	
28459	28459	28460	28464	28466	
28469	28472	28472	28474	28479	
28480	28481	28488	28491	28492	
28494	28503	28503	28520	28523	
28524	28528	28528	28536	28536	
28539	28541	28541	28546	28552	
28555	28560	28561	28562	28562	
28564	28574	28579	28579	28581	
28585	28587	28591	28597	28599	
28601	28602	28602	28605	28608	
28612	28612	28613	28617	28620	
28620	28622	28632	28638	28640	
28640	28647	28652	28655	28657	
28662	28669	28677	28682	28684	
28685	28692	28692	28693	28695	
28696	28701	28706	28707	28711	
28712	28713	28713	28714	28718	
28720	28721	28727	28730	28736	
28740	28741	28752	28758	28765	
28768	28773	28781	28789	28791	
28791	28792	28796	28803	28815	
28819	28820	28822	28825	28828	
28830	28832	28833	28836	28838	
28841	28842	28845	28846	28854	
28856	28858	28867	28868	28871	
28871	28872	28873	28879	28879	
28882	28882	28886	28890	28890	
28892	28892	28895	28895	28904	
28905	28915	28916	28921	28922	
28927	28929	28932	28932	28939	
28949	28966	28967	28967	28968	
28969	28972	28984	28985	28989	
28991	28993	28997	28997	29002	
29002	29009	29009	29014	29015	
29017	29019	29022	29026	29028	
29037	29042	29045	29046	29046	
29051	29054	29056	29056	29058	
29064	29064	29065	29065	29071	
29073	29076	29076	29078	29080	
29081	29087	29088	29093	29093	
29094	29097	29099	29101	29105	
29105	29111	29118	29119	29131	
29135	29135	29137	29137	29147	
29149	29149	29150	29153	29162	
29173	29174	29174	29174	29174	
29179	29179	29186	29186	29195	
29195	29197	29202	29204	29211	
29223	29228	29231	29232	29232	
29236	29239	29240	29250	29251	
29252	29261	29264	29264	29285	
29285	29285	29287	29288	29294	
29298	29308	29308	29309	29309	
29312	29313	29313	29313	29314	
29317	29318	29322	29324	29325	
29330	29330	29342	29344	29344	
29345	29348	29349	29349	29349	
29359	29364	29366	29371	29373	
29375	29380	29384	29384	29385	
29386	29396	29396	29400	29410	
29410	29412	29413	29415	29415	
29417	29418	29426	29435	29437	
29437	29438	29438	29438	29439	
29440	29441	29446	29456	29463	
29466	29467	29468	29474	29474	
29475	29476	29480	29481	29482	
29483	29483	29486	29487	29492	
29497	29501	29504	29507	29508	
29508	29513	29514	29527	29542	
29543	29544	29544	29545	29545	
29546	29547	29548	29549	29549	
29554	29557	29559	29560	29569	
29577	29579	29583	29584	29585	
29586	29589	29590	29590	29598	
29600	29600	29602	29603	29603	
29603	29612	29612	29615	29617	
29620	29629	29637	29638	29641	
29645	29646	29646	29651	29653	
29668	29671	29672	29675	29678	
29685	29693	29699	29700	29702	
29706	29712	29715	29718	29722	
29726	29730	29732	29737	29740	
29741	29747	29747	29750	29750	
29752	29755	29756	29759	29761	
29762	29767	29771	29778	29783	
29784	29785	29791	29792	29801	
29806	29814	29820	29821	29825	
29826	29835	29841	29844	29845	
29847	29848	29849	29862	29863	
29863	29864	29869	29870	29870	
29873	29880	29882	29884	29888	
29896	29900	29900	29900	29906	
29909	29912	29916	29921	29921	
29929	29930	29936	29937	29939	
29943	29944	29948	29950	29950	
29957	29958	29966	29966	29967	
29968	29970	29976	29979	29979	
29982	29990	29995	30001	30004	
30008	30008	30009	30016	30024	
30026	30027	30031	30033	30039	
30039	30041	30047	30048	30051	
30051	30052	30056	30057	30064	
30070	30075	30077	30084	30092	
30095	30095	30096	30099	30108	
30111	30112	30117	30119	30123	
30125	30133	30140	30141	30142	
30152	30155	30178	30182	30183	
30183	30186	30187	30189	30195	
30199	30201	30205	30214	30214	
30215	30221	30227	30227	30230	
30232	30235	30242	30244	30245	
30254	30259	30263	30264	30265	
30267	30271	30275	30283	30283	
30284	30284	30287	30290	30293	
30293	30301	30305	30312	30312	
30320	30321	30321	30321	30321	
30323	30324	30331	30335	30336	
30337	30341	30343	30347	30351	
30353	30356	30360	30362	30363	
30366	30370	30379	30381	30382	
30382	30384	30394	30400	30400	
30401	30406	30409	30412	30417	
30419	30420	30425	30426	30429	
30433	30433	30434	30436	30448	
30450	30453	30454	30459	30464	
30468	30473	30476	30481	30486	
30487	30487	30490	30491	30496	
30498	30499	30506	30508	30509	
30514	30514	30525	30527	30527	
30534	30536	30539	30542	30543	
30546	30546	30548	30549	30553	
30555	30557	30557	30560	30562	
30568	30569	30569	30570	30572	
30573	30575	30576	30577	30583	
30584	30588	30588	30597	30601	
30601	30603	30603	30606	30609	
30612	30614	30616	30616	30620	
30621	30622	30622	30622	30623	
30627	30631	30635	30637	30638	
30642	30643	30657	30659	30661	
30664	30666	30669	30673	30677	
30678	30683	30684	30685	30687	
30693	30696	30698	30707	30709	
30712	30715	30720	30722	30723	
30737	30739	30741	30742	30742	
30743	30748	30748	30749	30750	
30750	30754	30758	30759	30761	
30762	30765	30767	30772	30772	
30778	30783	30783	30793	30794	
30796	30800	30803	30808	30810	
30815	30815	30817	30817	30823	
30829	30836	30837	30837	30853	
30853	30855	30860	30861	30862	
30862	30865	30867	30868	30874	
30883	30883	30884	30885	30889	
30891	30893	30901	30902	30903	
30907	30909	30912	30927	30931	
30933	30933	30935	30938	30939	
30939	30940	30943	30945	30948	
30951	30957	30978	30980	30987	
30988	30988	31002	31003	31006	
31015	31016	31016	31016	31019	
31023	31024	31027	31032	31038	
31047	31049	31062	31063	31064	
31069	31075	31077	31081	31085	
31090	31093	31096	31105	31105	
31105	31108	31111	31114	31114	
31114	31116	31118	31118	31118	
31123	31128	31128	31128	31130	
31136	31141	31146	31146	31149	
31153	31159	31159	31162	31164	
31167	31176	31184	31186	31187	
31195	31195	31205	31206	31211	
31214	31217	31217	31231	31233	
31234	31239	31240	31242	31248	
31249	31260	31260	31267	31274	
31275	31281	31281	31282	31283	
31308	31308	31322	31322	31326	
31328	31335	31336	31338	31339	
31341	31343	31345	31346	31350	
31352	31354	31355	31357	31358	
31366	31367	31371	31374	31382	
31384	31386	31386	31387	31389	
31395	31399	31399	31406	31407	
31409	31410	31410	31419	31421	
31446	31447	31449	31451	31451	
31460	31460	31461	31468	31472	
31487	31488	31491	31494	31494	
31497	31498	31500	31500	31505	
31506	31508	31508	31510	31511	
31512	31515	31521	31528	31538	
31539	31539	31541	31543	31545	
31546	31546	31548	31554	31556	
31562	31567	31569	31570	31576	
31578	31579	31586	31591	31596	
31597	31598	31603	31604	31610	
31620	31621	31621	31623	31632	
31632	31634	31640	31645	31646	
31648	31649	31653	31656	31657	
31661	31661	31665	31666	31668	
31677	31679	31681	31683	31687	
31689	31696	31697	31699	31706	
31707	31715	31721	31725	31725	
31735	31738	31739	31739	31744	
31747	31748	31751	31752	31753	
31754	31756	31757	31758	31759	
31773	31778	31782	31788	31789	
31791	31793	31797	31797	31799	
31808	31813	31817	31820	31831	
31836	31839	31845	31846	31849	
31850	31851	31854	31867	31867	
31868	31869	31876	31877	31895	
31896	31899	31901	31903	31907	
31909	31931	31933	31936	31941	
31948	31950	31951	31963	31963	
31966	31968	31973	31977	31983	
31984	31986	31995	31999	32000	
32000	32000	32003	32006	32007	
32013	32015	32021	32023	32023	
32028	32033	32036	32040	32041	
32043	32047	32048	32048	32049	
32062	32076	32080	32083	32092	
32093	32095	32096	32099	32101	
32103	32103	32106	32106	32107	
32107	32107	32111	32123	32131	
32132	32133	32133	32139	32145	
32151	32152	32152	32154	32171	
32173	32179	32184	32188	32193	
32196	32197	32199	32201	32205	
32209	32216	32218	32221	32225	
32228	32228	32231	32236	32240	
32240	32248	32251	32251	32252	
32253	32255	32260	32262	32272	
32275	32280	32280	32285	32285	
32285	32287	32288	32289	32293	
32293	32294	32299	32301	32304	
32306	32309	32311	32314	32319	
32324	32324	32328	32332	32342	
32350	32357	32357	32359	32360	
32360	32361	32362	32365	32377	
32378	32379	32386	32405	32409	
32412	32412	32413	32414	32416	
32421	32424	32430	32431	32432	
32438	32442	32448	32453	32454	
32458	32460	32465	32473	32486	
32491	32494	32498	32501	32503	
32507	32510	32518	32525	32528	
32530	32532	32533	32537	32537	
32552	32554	32554	32555	32558	
32564	32569	32573	32580	32584	
32585	32588	32590	32603	32603	
32603	32606	32611	32618	32624	
32629	32631	32639	32640	32645	
32651	32651	32653	32658	32660	
32660	32665	32677	32682	32685	
32688	32689	32689	32691	32691	
32698	32701	32702	32719	32721	
32724	32724	32725	32727	32727	
32733	32734	32734	32735	32737	
32740	32743	32745	32750	32753	
32756	32761	32761	32763	32765	
