14867 24680 8872 25432 21865 
17285 18997 10570 16397 30572 
22339 31508 1553 124 779 
6687 23563 5754 25989 16527 
19808 10702 13777 28696 8131 
18671 27093 8979 4088 31260 
31016 5073 19422 23885 18222 
3631 19884 10857 30853 32618 
31867 24505 14240 14389 13829 
13469 11442 5385 9644 9341 
11470 189 3262 9731 25676 
1366 24567 25223 110 24352 
24135 459 7236 17918 1238 
24041 29900 24830 1094 13193 
10334 6192 6968 8791 1351 
14521 31249 4533 11189 7971 
5118 19884 1747 23543 309 
28713 24884 1678 22142 27238 
6261 12836 5618 17062 13342 
14638 7427 23077 25546 21229 
13245 20303 10376 10052 8524 
20528 11648 21703 27069 28972 
5082 7444 6409 23536 13787 
11110 16207 27304 9553 10599 
609 882 26930 5702 26754 
18451 16000 5130 16494 28138 
24687 7974 19099 21026 7114 
25677 1983 7723 12691 10375 
20626 4202 19690 30597 6869 
15663 4143 3121 3987 23528 
32107 10122 22183 29845 15852 
18863 15230 380 3376 313 
3870 22814 19205 17614 27495 
29801 30957 2804 15257 25903 
9927 5154 11799 4311 4780 
6941 29547 851 24 24450 
28297 28242 2634 16030 14936 
10422 30189 20102 10350 16968 
17911 12132 7451 32682 6098 
1808 27818 21134 2746 23264 
7651 8742 13926 15296 13781 
30683 29930 30853 28882 25666 
988 19070 3258 12364 16565 
12364 2173 11965 1147 27380 
31963 16863 25245 20787 29294 
26999 20255 27922 22763 27896 
28662 6073 933 30199 7606 
1928 20306 11999 22378 1124 
21778 14822 11715 13903 20141 
5183 26998 16956 4124 14737 
28895 10529 14924 7081 12522 
7501 2846 17004 3379 16892 
28338 10255 7020 2345 13797 
9610 11776 9123 5656 841 
29173 14179 22068 549 9239 
20509 19690 28820 8531 15893 
5184 8220 22113 22324 5705 
20238 21158 20059 22323 23152 
600 5367 8328 19515 21475 
31446 29101 6599 19595 57 
22959 9859 20563 3626 7742 
24297 8478 2319 21498 32689 
22805 29056 19438 23877 25672 
1878 31322 16246 15768 8964 
15030 9581 29396 14635 5363 
1508 13346 15464 26628 24470 
29345 20849 7581 11763 21068 
2400 19259 5657 29474 5710 
25700 24576 21892 11812 25136 
4084 24030 4014 1032 13385 
15241 24049 3502 15178 14064 
17855 9853 25970 10994 8584 
15859 10207 11656 3955 6508 
4867 11176 11693 28464 4509 
31849 28929 12976 5095 12135 
18858 30221 31505 6761 2661 
1242 22767 27201 17866 7203 
22511 15092 5595 25518 24397 
31515 478 3200 18314 7817 
30312 14499 13082 25646 955 
4135 24413 13115 22097 10087 
464 21383 7609 6798 1413 
1330 21922 601 15568 15240 
9526 9758 23364 32552 18601 
3853 19421 15205 14609 24758 
14207 31468 1656 6859 20383 
22439 6191 10279 12608 8674 
18278 24336 29730 685 2042 
22201 14902 7553 5006 13835 
21332 29990 19165 24485 18736 
6099 16718 7970 26507 22168 
9930 15258 5286 3065 970 
4971 3580 13788 31668 9529 
23856 26277 2407 10803 6469 
20895 27156 9624 18445 30366 
10833 3450 29668 12514 2408 
28867 18846 11583 9973 15989 
21181 2939 11952 4662 8167 
12024 30343 10763 30616 658 
17136 26980 23829 13259 9597 
3417 929 10534 10672 30259 
498 14288 17426 10798 23014 
23685 14207 30077 10355 31666 
25796 19343 4572 27863 14444 
19857 15915 21808 10966 6708 
31195 5524 1675 19120 20181 
20381 26831 16649 10654 17929 
12406 11152 24270 7264 20217 
25006 9412 14807 12233 32221 
21912 21365 10723 22775 3409 
24948 12197 19123 30808 1002 
12512 21356 26157 6825 25390 
4901 29785 5219 25734 12747 
26020 14610 27661 7353 31111 
29590 32047 15746 22500 24224 
20719 3562 25845 6352 27003 
11573 4483 9242 1028 23205 
31576 21614 23756 31038 29174 
4504 31105 204 13193 28773 
28105 39 30235 26375 19998 
5302 4359 8378 17628 31538 
23216 13480 32152 7596 3698 
17418 23220 17106 20185 17297 
10544 17006 6161 29700 18115 
25391 13982 20010 28203 17836 
5709 26090 7617 166 32107 
2225 19536 21133 2100 6932 
24615 3142 30862 31159 7277 
6444 11768 24941 30901 18517 
22973 8864 5842 15126 17261 
9204 19181 7369 12685 30759 
27093 1997 19086 2876 20885 
15311 508 10968 24652 2376 
26104 28140 19769 5703 24808 
16276 6166 24689 17261 4415 
679 8262 10902 30737 18578 
29094 5715 14725 2417 26003 
17452 2903 6438 24888 8754 
2721 10862 28202 28214 11844 
1978 24559 21818 14473 20026 
29373 10021 27656 24378 18307 
29371 1993 31665 24878 7627 
20138 15895 1829 19882 7680 
26232 12565 13281 22401 11463 
24564 4899 8802 3444 2112 
4226 18364 17472 29064 9442 
11828 26961 12078 17069 14555 
25729 5739 968 3411 11004 
21907 29638 1332 31498 4251 
19036 20141 2601 9944 10773 
111 22879 1545 14151 9414 
9166 11928 6982 9 7049 
19741 18391 5685 26790 3364 
3816 13269 7829 2352 25214 
32293 7088 31744 20718 20086 
1810 5904 4432 23764 24749 
8803 13361 32231 22423 18816 
19592 30743 23205 14779 9451 
13299 5947 30133 21763 19412 
23138 550 19262 16061 2075 
20442 7875 19078 7412 1786 
15787 12602 28120 6029 19310 
28093 6699 13118 17307 7090 
25623 5216 13517 5787 25376 
13871 10202 5186 17663 25177 
1869 15961 4269 14269 6935 
3933 8126 3698 27777 30400 
16880 23819 9829 2118 16132 
793 17822 15024 10956 7410 
11709 31128 16262 17585 30205 
3740 12904 25726 634 9662 
13948 32272 15773 28939 8622 
2927 1499 12155 26660 23807 
9119 6937 25037 6330 23428 
611 3645 16061 28872 4340 
19128 22278 11262 2912 11916 
11388 14850 608 420 14639 
30514 16687 347 10210 31451 
31539 26510 3783 30450 31968 
26613 18313 16389 25562 6067 
2191 4464 8793 29483 9088 
25044 20946 30230 3330 23493 
6356 31186 4552 20163 10288 
19965 23755 11372 4956 16195 
13015 26095 2073 116 1866 
15812 10580 10714 19993 24987 
4426 17097 12051 24722 16112 
2423 32362 20906 29330 27918 
7791 15996 15802 28160 11933 
9768 19027 22683 11225 11407 
7438 3549 26104 18882 22277 
20105 28290 3513 15007 15482 
25781 19529 30643 1592 17101 
17744 752 28873 4227 7475 
31868 13258 7892 14730 27099 
23486 12547 22041 18195 9893 
14049 26115 13069 3793 31820 
5434 15167 30709 29174 32314 
2696 12927 29544 26615 32603 
18727 11846 8211 27936 19656 
3796 17749 3287 4719 21945 
5719 24831 6066 15107 6270 
4278 324 17004 11055 32289 
26566 9435 23360 7182 26335 
29486 2733 18136 8846 22071 
16525 9355 14015 4100 13636 
20553 17693 8804 28409 21741 
5416 16038 587 15085 31367 
25252 19263 11653 30111 18177 
12925 31506 16996 686 21181 
29884 18799 1971 4732 29015 
10066 23852 1523 30603 15912 
14993 11593 21299 1392 26683 
25352 6660 3099 2340 3790 
25455 24803 12783 28741 14280 
21727 28968 5716 31399 19540 
11468 22167 21647 4559 30988 
22797 24525 24432 19534 3089 
7331 4745 13429 5260 28838 
15720 29026 3688 13669 2928 
6330 12616 6731 11119 9962 
11638 24007 13355 8553 21788 
8617 14142 11837 26040 24272 
30244 17601 1482 15362 28051 
23461 19151 19483 11018 14390 
23411 30570 8365 17120 515 
5208 27472 1265 17185 29514 
16082 13215 19643 25033 27820 
27725 20798 26849 14537 1546 
8966 19142 28825 7259 9242 
958 30817 14138 24086 21050 
17109 13406 22120 2630 26344 
21949 29375 14372 18403 6480 
449 22068 948 15894 15357 
6680 7049 6747 20768 7444 
2718 10042 21867 25531 16211 
25953 9060 2248 10882 32532 
1484 3914 22799 19317 15826 
8196 19393 5890 14726 13843 
336 21855 3728 32465 26303 
8278 3362 28922 8683 10268 
32555 24333 27237 30933 26574 
2293 25725 14683 22290 28905 
12959 18235 9691 30609 12515 
21505 11801 874 3807 26550 
21311 14187 15296 27814 28407 
31977 22681 10343 30227 25784 
9466 17942 27079 9107 6597 
21988 26902 11709 9789 26065 
30347 13801 17248 6072 17961 
4952 20855 22668 10148 21313 
29675 7393 24786 31093 24410 
18094 3164 13379 19946 6225 
20665 1945 3549 22739 861 
13165 24166 3438 3117 22875 
3771 27724 7479 9616 4972 
27794 4768 32486 1523 6045 
3805 592 17036 32651 10022 
19833 6215 32510 13352 23720 
16219 9756 6907 32743 2493 
30939 8787 11108 497 25211 
10234 10007 27681 596 19070 
24997 23916 13777 23335 27269 
23936 957 11307 22369 18027 
19645 3877 6335 22190 25886 
6084 480 10643 31697 30400 
2024 2497 29364 275 31808 
21006 3092 14181 17977 20628 
4463 25032 24562 24583 22398 
5029 6779 11078 17266 11254 
27962 20271 13695 9654 21646 
20152 31895 19606 947 3387 
14200 10738 28134 17170 18152 
15875 27337 8292 13631 22870 
31240 4670 14119 10877 27197 
24038 10656 21508 26385 1644 
12615 7847 12964 12417 24279 
7105 3632 30860 31984 19464 
5609 28411 27415 7800 5159 
11991 10751 23437 4038 17052 
32006 20661 6605 19271 17667 
20485 7759 7600 30783 22571 
15503 18970 23489 30884 27239 
16905 25039 17967 26347 4180 
20913 29569 16457 22394 7352 
25146 28916 2617 1151 16408 
22529 4701 30321 1130 4305 
22999 16523 25032 28144 27150 
867 2 6973 5498 1386 
4694 11083 24430 19310 7654 
5128 5685 6755 1129 24220 
21345 18018 10016 3732 22112 
29426 13835 1088 27984 10375 
32606 24153 24596 25416 21295 
7911 4520 32533 20337 5986 
19377 9417 10277 24600 26713 
7356 16335 24270 20057 10893 
9255 8362 29527 22046 17170 
2897 22643 17887 27600 10572 
13597 3664 28791 5552 17449 
6849 31648 19198 26405 4956 
28256 22856 5098 25702 23162 
18325 16497 19138 27858 9351 
16616 2487 23589 2619 19461 
11763 12280 6513 6555 463 
29646 12269 20331 5844 10910 
24093 12348 2174 5764 24571 
16686 23617 10423 7477 22859 
8906 11707 29835 20319 16007 
2520 22137 14857 29545 6602 
29463 30227 9193 3002 32573 
26367 24393 17517 21738 9698 
9500 9404 29415 4726 520 
17220 8103 31338 27083 28254 
13170 19196 29308 2642 19907 
202 21779 8135 31214 18917 
22316 11902 1797 3624 520 
6208 5885 20936 19157 14357 
10509 9771 4143 31159 9047 
7422 4326 1350 8138 29058 
16386 21309 71 23590 6660 
15525 3586 17499 24431 23433 
10284 17572 22663 20393 17871 
13548 1625 15218 20217 12061 
25851 3374 4380 16878 8981 
26745 21173 17917 29344 17396 
18988 2333 22254 3901 31739 
17393 5099 29982 17427 3514 
8866 3588 3707 17005 20227 
5811 827 3849 25315 32569 
10616 6183 580 26144 17888 
28370 7383 21480 30793 18330 
6335 19125 23700 10212 6808 
32324 13016 32132 3768 18467 
21181 21646 22452 11298 28197 
8040 17958 261 26386 17700 
15790 4475 15556 27149 11063 
18772 21537 9856 12412 17134 
8026 8190 10442 18672 26828 
14462 27399 8251 17700 18440 
27891 11806 28871 5247 11182 
20169 7281 31679 32123 28677 
27931 1000 12483 17442 13091 
17912 7261 8496 7335 26272 
1292 24690 26417 4432 31817 
21007 21658 10645 7235 6411 
26408 9892 17701 886 10490 
19767 16279 13027 678 15255 
26759 10524 25888 31738 18985 
3348 19166 4368 17980 15389 
21561 12505 13712 31579 791 
8633 8389 23929 22983 28110 
30293 12442 24876 24705 25045 
2195 23070 603 10359 14679 
7693 1819 11988 21938 29415 
25093 3048 1595 22076 29820 
19806 19588 929 2771 20750 
1683 14930 7009 22469 18070 
1563 31699 13636 21202 3960 
198 16779 25053 14075 15254 
28503 26381 32750 19056 11241 
816 3642 28335 27657 28029 
15239 23909 2635 26827 1957 
32311 23185 6401 26666 3183 
5841 19662 15197 20044 2328 
3994 25171 22172 5839 6076 
18008 1165 4414 25837 19857 
13761 28494 8956 735 24224 
21651 9412 29957 31986 2441 
2908 4366 6317 18718 28045 
31721 18187 1905 5001 12119 
25568 5594 6873 24071 29995 
18474 5784 25342 27883 32564 
32735 16445 15668 15500 2688 
28830 29313 9102 12791 4352 
18508 2978 4765 9379 27612 
1983 25375 30933 24927 1838 
8751 27599 16184 29585 19577 
6874 13210 28707 11993 15286 
2134 7745 10443 9531 6385 
2858 29475 19265 28410 11011 
16126 12734 30874 1310 16632 
6958 3437 30075 31903 30264 
13712 10127 25640 20110 26364 
11845 8289 17685 11538 23875 
5351 21318 28278 18286 29849 
24020 17697 1712 31308 23182 
7346 12537 6593 3464 2821 
7811 15572 8565 5895 25947 
24821 8024 25033 11805 10460 
2396 26067 17918 13945 7423 
16570 4624 24874 118 15093 
18370 7217 24397 492 3750 
8549 14927 18514 28536 13351 
28325 16565 13403 4248 14402 
9811 7781 23306 13182 18480 
5214 9140 8704 19045 11973 
21161 30434 4539 17684 4107 
28176 3448 24646 31867 13041 
21369 13973 19925 23114 17025 
5256 9242 13151 7889 22317 
10926 13403 23801 23459 22980 
1521 3821 2012 27670 29252 
10075 20641 23769 15108 1852 
24791 496 6874 2474 17920 
5728 30215 497 17925 18692 
32328 24552 16946 9090 19964 
28290 19330 23933 16008 24736 
19485 28684 32251 8233 27167 
32107 10222 4957 1947 24817 
26031 19558 992 31554 22942 
22320 8698 3782 22998 6523 
14460 16474 15888 31023 3709 
4165 17605 15599 2529 24429 
21395 23280 4826 21707 5858 
10764 20653 14108 17607 10514 
9146 3801 1833 20577 183 
9322 20770 8629 4412 11927 
9127 27200 15748 17727 1388 
27389 882 27724 12802 23361 
16082 19174 17474 31123 18146 
25319 24559 7869 1296 23695 
7831 1827 26886 14970 17338 
18004 24036 2510 31791 6367 
9420 25273 11458 2152 14500 
19739 5154 5626 7959 23935 
17403 24223 19165 7760 13663 
28206 29501 6474 31850 13413 
1232 5422 24358 20535 3975 
23482 21420 9575 21999 7128 
10636 28758 25012 15382 25199 
19482 16741 12630 32251 24271 
21366 11718 15607 8242 17035 
15379 8112 28268 5876 6874 
9115 25899 371 27744 1083 
10999 17222 3714 837 10436 
22369 12015 31747 24515 16636 
28564 17910 20862 9037 12120 
10943 11812 1687 19210 29504 
15649 28259 27287 20478 13298 
9485 11905 8393 28472 24707 
20876 24480 16907 9290 4795 
13007 20368 1218 31610 27226 
8910 12202 22045 27806 30909 
24038 26761 22070 28832 4736 
18225 20764 5781 19182 21573 
26384 31851 1171 16165 21310 
21683 15240 6172 5915 17434 
18075 19531 22160 23798 13464 
7651 16218 31006 3784 27800 
32689 26111 9400 25170 4135 
5868 17723 22565 21716 20918 
2226 1923 22960 2429 4235 
23472 11840 23493 24584 30583 
9333 25548 12866 17180 30417 
22556 29037 5777 6603 9820 
13149 21484 15477 363 24393 
1561 15452 5552 24784 22476 
4271 22443 3129 30394 28836 
8400 6143 14089 14616 3734 
20365 2821 21878 22475 25414 
8980 12249 3114 31176 18924 
27765 29231 26226 20739 29747 
30506 10532 8519 4763 26003 
6981 17424 10999 21917 28171 
30803 18613 3085 24054 10264 
3854 15181 16286 21038 19429 
23228 18863 15389 12786 2121 
16434 92 32287 10304 25870 
19652 3122 14179 20942 25925 
7853 829 7844 16088 24050 
15539 31406 18100 21163 6364 
6521 10693 24425 29715 6596 
12378 32139 11082 18822 542 
16738 8097 27442 26185 27027 
6199 24633 21527 32188 30271 
23760 26490 16474 28503 2293 
3595 30698 16918 12972 71 
21326 6372 30095 23288 28019 
3855 31621 27889 13361 3099 
15058 3326 13938 26969 21840 
3099 7575 5563 31995 6116 
22039 11238 435 8525 11113 
11913 27710 7059 23333 24301 
19085 10099 25446 25038 4416 
32409 4210 9834 13932 13147 
3485 17367 27035 6311 32106 
16537 3348 26170 23796 30836 
21597 27923 13964 5247 11263 
28712 26532 18810 20105 30039 
32236 20577 10967 8863 28602 
19777 32660 31632 13231 6219 
20478 4864 31640 7463 5609 
1280 5778 17547 21767 19727 
15986 7179 29542 19597 21603 
12339 31546 5490 20689 19667 
10717 19775 27270 6042 28692 
15413 14611 14566 18324 23749 
22130 1755 453 32585 17385 
26291 29637 22001 5681 22612 
9136 32000 11480 24616 23327 
21304 30948 17193 17134 13970 
5817 18747 27715 31027 16189 
31167 27339 8860 21561 1637 
25671 20769 3075 22593 14664 
20380 90 29474 11062 13154 
9361 8991 9111 5750 26352 
10354 142 16893 343 21898 
2722 23794 15652 21339 30657 
29467 11863 32761 8069 26684 
10740 7013 17590 11146 31657 
13990 6159 16226 7857 6428 
22597 26939 32248 4114 13125 
7642 32640 23698 19645 32197 
24323 13181 3551 30201 7130 
987 8802 22751 32285 30575 
18121 893 30476 24974 19431 
25321 24749 4146 29603 28164 
24759 13131 2809 26468 29359 
20053 25921 31634 23889 26671 
7348 3958 5937 27947 15404 
21263 24226 30562 13867 27752 
2263 29002 19743 20167 19528 
18058 20708 4647 2647 5900 
21899 24296 23604 8276 18266 
16838 26366 20753 19 31752 
15147 15090 16762 9209 17193 
22203 14609 10652 1349 20120 
28966 5020 15565 17073 21263 
2178 3697 15358 7861 30762 
23535 16733 31567 31096 31472 
17122 1392 12359 21292 20334 
32324 20386 10197 18563 22 
3127 4147 2134 23574 4872 
25484 11814 1370 22628 7238 
1229 11554 21270 30287 14229 
29792 30684 19645 18764 22136 
2331 31410 411 12612 3792 
17283 17555 3675 2762 1561 
2185 4499 15639 16279 24100 
12484 3260 8508 16052 6351 
26793 15756 5317 25567 13547 
4266 13045 1263 6180 26633 
11522 3213 15672 27971 18215 
10973 23882 22601 28585 4832 
9703 3261 30381 8950 20352 
9884 30796 30370 30750 14880 
11497 17806 5713 19173 5058 
13263 6249 15946 11206 30569 
1001 19738 11943 30486 10553 
14444 559 17987 16283 17863 
21463 8796 32096 18058 4758 
21833 92 11915 15095 8505 
6807 32255 10606 6558 22341 
666 26348 3448 19449 13303 
9137 26327 2581 12089 21602 
9115 17541 5619 9563 19327 
32173 21573 14406 1878 20895 
4680 24556 15764 12434 21676 
20044 22543 7568 4256 26858 
5895 17774 14066 14186 5476 
513 31352 8285 25152 7567 
21934 26715 21413 27268 5024 
10066 30360 870 24587 10269 
16470 18187 8895 26201 25821 
25866 10823 7796 30382 3695 
27084 9222 13266 7859 20023 
29285 9243 20715 28310 11124 
27820 21823 7105 30907 31931 
23198 4925 701 30614 24752 
22880 29317 32740 26124 32438 
12675 18478 18092 21668 23446 
3230 24221 21835 5994 23046 
17659 17071 18692 17955 13085 
16665 21147 32036 27661 28858 
22442 18534 14395 19088 13891 
29314 18802 17550 10918 11401 
6922 247 20754 22670 8800 
3339 31195 23909 25475 29413 
957 26539 15920 8868 12400 
15366 1793 30409 10108 32430 
16609 22496 6991 5165 2755 
17251 17549 32611 5524 14811 
10151 24780 13933 22600 22703 
31494 26894 8387 12651 24717 
22152 13922 11688 11978 13369 
4188 25040 31308 3837 26733 
16319 20565 22179 26748 7635 
29080 15774 23420 13378 10817 
16637 26000 1201 27446 27806 
1906 24578 2204 12190 28949 
32365 16798 21779 26505 24018 
30057 29950 16928 23117 10619 
29051 17103 13580 17694 21563 
19926 32093 9775 8244 17571 
4107 29476 27543 2036 8427 
20046 22019 25917 690 20058 
12024 29513 8457 24606 24718 
8739 24804 30099 29287 567 
23311 9757 14562 1717 9481 
9235 1169 18230 7190 11131 
26094 1186 26256 19989 22857 
30033 8062 16540 28421 7280 
24680 3400 17412 12455 7529 
20375 24160 22008 1925 23885 
16988 12011 26941 185 21402 
2280 12641 10299 22158 10212 
8230 12035 9778 30016 19064 
8987 29179 5613 26513 11432 
6156 11221 7371 31341 28587 
18038 15282 22416 6129 18128 
9822 20129 7877 14978 19968 
32216 5131 29232 32698 158 
23832 22311 29620 4687 23657 
17476 21100 20031 16789 26130 
9293 12539 5505 26162 24452 
16081 22227 26112 2063 29586 
15017 3187 5654 24470 25994 
11077 5759 5633 12445 16212 
14781 20549 20248 20553 17640 
27368 26620 29559 6419 8072 
30720 30214 17626 8220 4042 
29264 21562 30588 16997 21643 
21158 21284 22512 4777 13142 
6708 6291 7036 5091 30140 
17336 16670 3345 11831 1911 
8848 1515 597 3153 22689 
15638 23294 26914 27153 31839 
147 4945 19191 10902 13687 
8010 27488 12191 22990 25902 
6457 24262 31876 24008 14703 
23379 32145 19396 7252 11102 
9596 1307 28997 27877 22046 
28882 7562 24860 14505 3300 
31357 16900 3305 4221 16110 
5695 32201 32360 6087 30499 
7960 15307 13292 32013 30861 
32530 18277 17912 16905 11049 
18879 19022 13597 27374 29615 
29693 6092 8422 16377 11214 
25746 32558 29584 20723 13221 
23477 28927 20190 18810 5289 
23303 17754 28299 6447 19082 
30420 29784 27223 7080 28921 
2987 10319 5671 9095 20513 
32727 29976 22876 11494 3060 
4535 18388 32448 32745 13716 
10321 5967 11619 22512 4123 
1427 15092 19050 31339 18350 
7874 6363 14530 18923 12673 
8318 15743 22272 28062 8788 
29873 23952 11965 21702 7978 
12020 1382 14477 25557 6971 
29435 13519 2889 3695 8686 
16010 6557 4890 28208 3894 
14974 24073 20973 11942 13184 
18256 2678 21552 20658 21647 
2431 25357 32629 14451 1674 
1538 2958 27519 17571 11840 
12921 16908 24654 31114 256 
9102 14782 17301 12045 18202 
20295 26292 28093 6437 7190 
28597 23477 11919 20256 18693 
5049 26848 28248 8475 2427 
12241 14885 4116 10416 25614 
25875 16539 27241 28474 29641 
8204 21665 5427 22843 23001 
6162 27288 8992 8748 16462 
5257 19111 5070 10762 13742 
32101 9543 13245 11387 29330 
31047 23658 1714 8310 3652 
17593 20009 26142 4453 17997 
4813 32083 22687 5458 21991 
18637 18462 8277 15006 21155 
9958 8793 8125 3846 9914 
6951 1719 14127 9020 8677 
27625 20630 23639 17898 29726 
13413 12250 29137 4952 11052 
5733 1228 4302 28886 26505 
5691 3121 13532 10539 6014 
26675 27320 28201 18439 15946 
32413 2113 12211 16305 16997 
4398 4954 10161 9931 3859 
6053 8990 5338 14365 1567 
20772 31653 6500 26767 16708 
26169 9491 28294 4761 11728 
27593 20788 6240 7239 1343 
10623 10167 4818 27690 27735 
29349 2287 20835 323 5211 
30616 10821 10048 12985 1213 
32342 7116 22804 753 14378 
14398 28727 6500 32133 31064 
30631 10257 21184 9503 25644 
15416 3438 746 18316 10511 
23103 22970 9626 6325 23076 
10441 6767 10599 6835 20070 
13816 27382 28110 4351 12465 
20600 25727 16000 23983 27198 
28967 21980 32228 31751 29912 
28392 22687 17267 15359 21616 
15698 699 11846 1157 21144 
9118 13752 2836 22134 1695 
8486 27325 13281 21101 1482 
2017 4481 22435 25643 18941 
15797 23729 5184 26423 7127 
26138 15576 3639 30401 20193 
23098 25144 23696 17725 6152 
32095 26536 32660 617 27979 
6392 15783 21094 24045 10111 
27147 22933 26266 26894 28632 
20725 11614 14416 6309 3866 
21652 31753 1715 27018 26291 
13211 8040 17766 13419 11470 
31231 6989 22769 18128 9855 
29309 22679 26235 24809 5947 
3487 32727 1206 4214 22353 
22752 21632 6311 16203 27017 
27136 7675 2329 32000 25144 
3508 24581 30772 6641 28364 
5936 27029 3688 4060 12258 
17946 13893 19517 6687 30601 
26316 11373 25467 8179 6487 
26036 18479 13949 9476 32007 
23147 24935 16555 4396 13294 
12614 24851 4127 26069 8596 
18277 23477 6832 619 21472 
8575 7899 12174 28879 27121 
17164 14505 10680 8899 19752 
24282 17111 10392 27483 2927 
25802 5086 23911 9202 12430 
19701 18492 24419 20394 11155 
26570 196 21674 9575 4883 
6875 32719 20476 18052 16691 
15365 14817 10373 19044 26645 
24327 15439 1940 16412 15466 
14077 5438 31548 18163 10982 
10546 29073 18845 32043 477 
24167 28376 22924 23243 4778 
31019 6272 2666 11165 28444 
19332 11537 8655 15956 25523 
320 17484 6655 9879 22826 
29712 6258 25919 17776 13249 
21520 10641 23856 24477 4974 
19938 18238 8625 15541 12996 
26801 30283 6216 1823 23714 
21683 9895 22148 6448 20502 
3476 20925 26055 17603 24692 
1449 1699 26010 18423 29767 
16783 15808 19707 17424 8179 
31384 19118 31114 4621 4591 
19443 28442 22399 6263 22536 
32537 20746 23671 29285 5163 
8089 6336 20967 5068 13441 
21475 4909 22316 14087 16289 
27203 9789 25379 11427 6013 
26890 17795 26220 9126 842 
30931 2955 10074 3637 18492 
13845 8625 25750 23338 2130 
8734 13602 20051 29111 18838 
3848 24053 16404 26356 7369 
1374 20751 12956 330 14258 
30673 27998 2856 5609 27391 
26270 12875 17943 20204 11698 
5054 20464 12301 29324 24509 
8843 429 22937 28176 10086 
29921 18152 27800 1707 15295 
25743 23592 177 3275 26699 
20374 198 31410 23654 8465 
19756 29755 28638 4532 30817 
122 4547 1884 30627 2887 
23521 23735 692 21998 4255 
30622 8411 24616 12327 6565 
1835 23882 26823 7920 11271 
2493 26263 8008 13286 29870 
18013 9581 6996 4614 12205 
28846 16954 10397 23125 29880 
15454 28842 760 2988 2861 
30335 4856 3700 9401 5491 
32665 18262 27646 7967 9316 
29385 32361 717 7370 17032 
31387 2349 24842 5862 9322 
30794 10837 25185 2600 13245 
25135 27513 3880 11552 8472 
24771 32639 14534 108 29497 
4360 6825 17288 27348 30123 
24484 7214 26973 25310 22243 
3627 20352 12907 16279 13878 
30754 116 32494 30748 15860 
27317 29250 22554 32584 21770 
12689 906 5156 22321 22061 
19651 27285 14288 6580 7738 
15686 6330 24899 10477 6225 
14446 2279 20993 8277 27873 
852 9129 20425 15229 8666 
17739 7824 12905 6292 16094 
18381 26379 4835 2967 8696 
15819 27674 16324 15666 24346 
24699 17912 15317 32179 19043 
30568 6480 21025 16321 5013 
21298 28546 9164 23339 10372 
21898 246 21033 25436 25547 
16155 27971 24751 4659 2559 
11909 19047 4822 31735 30008 
14261 16621 24806 1289 10153 
287 9579 2152 2560 30464 
18009 4655 19005 13272 21608 
25220 4347 17061 24618 29440 
12161 13667 25152 3601 27031 
6026 29645 30108 4504 27097 
27435 23783 10953 2898 12509 
14775 1513 13190 24773 12469 
3081 25106 2967 8470 11166 
26474 11406 4987 7125 27349 
10078 4118 27174 4537 25193 
8207 1580 11289 20789 32294 
16308 2652 798 15001 27412 
24656 2632 22088 8126 22894 
20184 6423 17684 16992 8804 
10132 24958 27584 10151 7130 
24506 10787 25210 9653 15988 
5974 1024 30214 24087 30951 
18208 31081 24802 28647 28984 
9750 20798 21999 19215 24837 
591 27489 9740 15958 24265 
15088 16806 8431 6661 22115 
9500 32103 30548 20629 16742 
17443 7059 6337 28523 14014 
7423 6908 7796 11438 17739 
18947 18145 2853 14832 30263 
29979 29750 32453 5606 201 
28985 1743 25292 17479 7280 
18266 28890 26707 3563 328 
8758 6154 4008 13482 7298 
12564 23807 29325 9057 17435 
28989 278 31799 31105 10640 
1490 16177 11858 15907 10823 
14726 23927 22153 28367 17660 
10541 15711 8102 14509 6326 
30509 8257 22283 24142 16526 
225 23842 14689 14225 4713 
5917 18683 13406 27756 7692 
25216 5405 6539 8932 16541 
275 24062 27335 7806 26382 
19568 24710 4930 15108 7440 
24421 16812 14071 31461 6942 
12315 8987 15201 18728 23740 
26939 13370 28472 25086 30553 
9077 31497 16198 13717 24004 
1881 6629 4944 14097 29236 
2631 28560 22875 10356 18796 
24742 32193 19081 21148 7951 
15324 3702 19799 6041 25426 
796 21388 26822 5032 6331 
26635 20341 1624 4790 12603 
18111 16164 18070 19472 24352 
5801 19538 19256 4311 21303 
974 13973 3471 17376 5025 
7920 21822 4559 17691 6636 
4686 15324 24967 14904 251 
28765 29869 22537 26108 14654 
6299 15816 22629 11860 11941 
3335 25292 8686 10667 28602 
16298 31661 19866 27044 13573 
13718 2101 24079 21324 12134 
18198 7616 7043 19493 28399 
4394 20639 3582 22550 21218 
30772 9294 29761 20051 20045 
8187 398 14003 12443 16903 
28358 27190 17619 6245 21730 
5505 24145 23819 10702 11105 
26369 19272 4206 1213 20351 
24408 27103 15561 19069 13366 
3071 7549 22374 29617 16687 
12358 24640 3266 30039 18171 
28375 9245 13355 4370 15640 
29446 23725 4372 9403 2150 
11763 1614 12837 8222 4395 
7882 24204 1179 17628 1405 
13660 11946 19823 8386 26841 
6030 20205 5383 6662 29009 
13322 24518 22470 14679 18019 
7864 6466 22841 7172 22341 
14218 18896 32301 21054 10879 
27791 11606 24526 3312 3862 
9840 6062 11267 19717 19822 
27033 9687 17422 8452 4608 
23399 20047 23470 18174 14770 
14046 9717 12686 7705 7333 
15854 1788 23048 30576 14339 
22169 6616 29508 15605 24499 
13044 5619 26914 964 7483 
25325 12548 10474 7078 29017 
28411 8343 22571 10340 32332 
26250 30433 5593 1897 19454 
25700 4851 24947 25377 25467 
11119 11517 16071 7672 31460 
3091 23136 15584 29783 7034 
15911 19404 18442 4410 13213 
27535 23446 9306 7734 6169 
2105 8683 19538 1436 4977 
21320 21614 22765 5578 6555 
21148 16172 17396 25251 6704 
10407 19992 23221 12221 11004 
18796 1 8000 20094 22534 
31511 666 19162 750 24746 
19524 30459 31350 16531 10814 
28714 12494 9752 5448 15482 
723 28015 24661 27747 25384 
4734 23613 32685 15240 23781 
25522 4495 30810 3390 25461 
4121 29318 28579 13001 719 
11144 30577 20521 9367 4035 
18508 22070 21717 13079 20580 
15603 9172 15285 22518 15156 
32360 28466 10773 23636 15569 
5595 15018 7719 6371 10313 
28090 11055 20324 31541 25575 
1299 28854 23949 28730 13132 
9397 23750 6943 18978 26083 
9077 22193 24023 30659 9753 
18488 13858 7298 4667 19184 
21983 19932 13242 4109 11012 
32062 17504 32763 31447 7976 
22968 16618 24158 1494 25892 
1674 25367 20255 31274 3859 
9194 27037 20239 29065 28252 
29966 11175 8510 18437 506 
14955 19096 26692 29847 28620 
27924 31281 3817 31687 22155 
15059 26157 31162 25525 18324 
18296 21110 10731 12529 20380 
1173 28209 9590 14923 18190 
3443 18666 11391 14854 14863 
3015 32280 6633 12948 5869 
18119 10426 21961 8086 12844 
16807 14322 14221 24379 19169 
7502 28059 20196 31146 32228 
21058 9715 7344 30336 13486 
17973 24729 19192 11241 732 
17119 23987 16462 29732 9950 
16492 18752 11831 16683 16948 
21276 24398 19752 7862 8555 
6426 16597 12991 8541 18786 
29417 23038 24691 9709 26402 
23048 23419 4002 13529 32414 
14785 12526 15321 19251 18564 
23398 7025 26025 19111 26798 
8136 7772 28841 8857 6513 
14689 3287 30353 21311 23824 
22464 30778 6747 18879 22762 
30546 3219 16081 18371 11484 
8437 12528 30938 17277 7837 
13718 11087 16166 30155 18386 
19081 2035 12089 19017 30758 
7251 26027 27259 29240 11882 
32199 18759 10670 12467 4135 
3249 7440 5610 14765 16100 
19312 18473 17942 7795 21405 
6993 26834 17380 5017 16043 
30739 16495 23629 29135 24101 
6659 3452 197 13565 18570 
11766 19307 16404 6254 21518 
23574 14454 5724 29261 20860 
7957 26696 23656 8146 2404 
14257 6256 27953 7201 4390 
20553 3390 10354 23817 30557 
24586 7988 21907 30865 6199 
20112 7704 121 11357 7631 
24460 14279 30635 15215 3655 
522 19922 29046 15621 5269 
1566 5126 8497 31164 16870 
15922 11363 21575 29223 20752 
24359 30496 24684 26895 14592 
9551 16113 15755 27052 3624 
1031 7839 10154 22979 5306 
1339 20474 22957 690 26998 
13092 12765 24919 21285 13179 
3562 30265 22700 6307 13947 
18606 20 15441 6910 21693 
13918 29778 9117 25914 20759 
24015 24429 22835 20013 28111 
25321 22667 17921 27389 27296 
15333 17341 13484 5674 11203 
30696 31512 20320 15087 31032 
19694 12749 27 1959 7695 
1631 29380 1480 11153 10082 
3932 7260 24839 24751 1703 
15393 8963 8225 31846 29162 
8921 2633 6451 16628 8101 
18275 29612 30584 14479 7304 
5331 12669 13389 9509 7093 
32240 25066 16555 17482 23030 
30406 2184 21917 30337 3551 
25175 15148 31778 11342 595 
19858 16670 28437 29202 3683 
9667 17943 28528 23384 2812 
24680 14281 23724 5924 11719 
4971 12997 15640 6505 13642 
10007 14736 25081 17142 25670 
31407 13020 6347 31114 9688 
25273 7783 11608 12228 31545 
16226 25407 15057 28171 23609 
6416 12189 6956 18314 16193 
17364 3173 9095 28819 25414 
2581 13221 19699 12093 27952 
30356 31646 2061 21128 7284 
6281 21740 4939 11590 4352 
32260 9933 29600 13197 19655 
20872 32677 30491 9859 17762 
22069 15707 21814 5934 8289 
5223 21155 11636 28450 15270 
18853 3189 26442 28655 16836 
9066 27066 17137 10502 32525 
3030 466 12295 1370 29750 
28438 11340 7831 28574 21443 
29909 28562 21041 11202 27889 
2346 30945 29065 12631 12560 
32554 19703 7025 10191 32000 
10623 3835 4106 24838 30601 
17869 23301 15104 7445 3573 
24168 2699 22946 11785 30527 
26124 8526 25532 24132 3558 
13118 12462 4449 16368 28480 
27017 30321 24358 11951 15177 
6983 17310 9368 6875 14065 
18110 2330 21226 20541 24493 
5139 9206 11645 25607 2809 
10918 29064 16597 26117 95 
2561 16316 20631 18965 21212 
11380 2262 10593 4893 28284 
25238 17364 14051 27404 29056 
21644 27302 17228 7788 31748 
31677 17091 11282 16944 8739 
4626 28386 32458 6010 482 
15408 7143 8016 539 21652 
26317 25762 6486 19857 25352 
20638 28822 15988 21435 16045 
18226 13439 28469 12721 25366 
12871 28868 28299 20780 15963 
31950 8161 2580 17702 2845 
26398 20251 21015 19323 32442 
21355 25599 14463 20923 1407 
24762 19622 11388 3290 27665 
3493 27309 20473 9695 25086 
18075 5766 4979 25810 11697 
7118 14390 11254 15935 9589 
8589 13385 21115 29288 27137 
26692 15558 5652 30622 29906 
6448 5078 31128 24674 22589 
20146 26933 6203 26346 8519 
4582 26640 6123 12802 25783 
4053 12855 22419 6890 27601 
18630 8605 27615 25331 16281 
22962 23096 3945 8700 4222 
23610 21871 11784 2882 25461 
23653 14699 9605 1959 7717 
21356 31494 22750 147 18473 
28148 7389 11638 26915 23905 
31681 7302 16125 8181 24548 
965 2177 5855 3330 8723 
10980 27921 12954 6141 30539 
22189 32151 17111 27021 25786 
27952 19978 17467 16668 28429 
28334 11742 26307 1707 32092 
13183 10786 1025 25149 21613 
9699 3428 1895 31546 24537 
168 17770 2055 14902 28552 
32293 20481 1278 15175 23007 
13868 17339 5016 23187 16736 
31603 23740 14730 21393 7383 
16618 17199 26195 24253 28915 
9504 28828 7376 22566 25217 
22988 3718 18289 25237 7660 
27219 23498 19855 1843 18717 
9165 11173 8399 24047 18599 
31335 18146 22001 15922 11343 
30666 29848 15969 18073 19109 
16410 5087 4436 12052 21029 
30707 3514 23104 8400 1959 
9917 1307 21458 5161 20450 
24553 31217 21105 1618 24318 
12990 11812 26671 17609 8320 
17337 22052 3345 13934 17882 
21312 7551 14113 21005 5892 
24413 30536 30867 1466 9885 
14494 31632 777 2589 12569 
2413 21191 4393 4708 30331 
31758 23106 9616 14809 25234 
7965 20231 12695 2609 14831 
3777 29211 14540 4072 20666 
9412 27222 1277 8611 14798 
19242 23787 7127 29046 11426 
11641 8338 94 10213 17917 
12637 21298 25344 12321 32205 
13708 11321 11751 31085 24597 
24479 22763 3577 12782 19174 
18153 15821 6478 882 22398 
19100 28524 25266 3891 13413 
19359 7343 9143 9379 4547 
9445 7532 6597 16352 21841 
12837 26333 16134 3019 15663 
23452 15227 12694 30862 10366 
18457 24886 23432 21314 20721 
7809 17000 20381 8500 21753 
17276 4143 84 4185 21856 
9142 10854 9070 10878 12930 
10187 12584 26070 28713 18447 
19441 3323 21883 17425 7997 
23390 14008 19300 22371 23247 
2561 246 15275 25921 29197 
10991 11944 29646 24861 6620 
2248 24315 26674 2829 297 
29756 1661 2619 6318 1211 
3351 5743 15187 20821 27378 
3614 3005 30693 29968 9881 
3350 17862 32498 29349 7959 
5011 22356 15461 102 3633 
32023 13953 19235 4368 8319 
18561 8125 30125 17566 31354 
29195 31836 5392 17389 11416 
12868 17385 16876 7742 30891 
1004 6270 26102 4468 29438 
837 20718 21733 2266 22878 
24284 29870 24069 2185 24723 
28711 24325 19338 25811 7642 
16334 8143 26470 28225 17277 
15954 30312 19409 11336 7105 
16871 15415 26549 13277 18860 
9953 19211 9248 7511 25792 
29702 22946 25266 32076 8655 
22077 5695 13513 6699 20719 
14867 20425 28403 13697 26343 
12275 14276 18278 29549 11778 
5111 27622 9696 21777 2260 
24444 9183 25365 4098 23164 
5243 12971 27202 26872 10383 
29204 2654 31205 32080 19325 
11355 27002 3364 25220 27894 
2777 8888 19193 30031 29937 
588 23777 3807 5795 15698 
2497 13231 22051 25656 5913 
28364 16290 2690 25134 8438 
1834 20763 4364 32152 25033 
27373 21708 21501 31217 20399 
8467 30912 799 4350 31963 
25476 12475 1456 20598 21734 
5183 16229 21711 6320 9884 
32350 2036 14415 218 6035 
19153 12680 2046 255 3134 
1382 4144 30783 9533 13175 
15133 30555 19068 30008 5531 
27620 14114 19917 14475 25663 
29896 16885 28932 10048 25796 
19518 13230 27131 28334 24949 
24427 6102 30749 6497 4925 
24803 2482 20401 7012 621 
17752 20786 14790 32209 4553 
26949 19860 12687 8021 25489 
7723 2209 10719 22005 19768 
13324 7208 18112 13344 8884 
30800 805 12447 11124 10649 
14825 9391 7534 9071 11871 
11691 10912 29093 6038 22196 
24761 7682 32721 19028 9258 
3836 14391 18273 24959 17347 
13516 23844 26864 4481 25760 
12987 10291 17888 23111 23996 
13973 21198 22664 3099 26441 
26493 5977 1358 22016 6829 
21772 18094 8634 2605 1987 
16161 18907 5023 17193 28150 
24961 2685 9828 26896 3349 
3929 26181 3655 32288 27753 
18370 25611 24928 6978 7847 
27978 29468 22500 9352 29844 
11700 25847 15354 4734 18044 
25940 29699 29508 27850 28359 
24526 8114 32590 14867 5795 
19780 11170 5175 28695 31116 
11298 29936 20608 21716 6142 
24191 6572 16389 31118 27308 
5075 25031 7909 10507 25289 
5866 22696 12926 23416 16901 
6945 5627 19854 15964 13711 
656 5491 31239 5056 21156 
2686 31569 15842 23679 7528 
21855 2711 11277 15105 20498 
14151 2526 18209 18221 23226 
29554 17378 1211 26086 26804 
30988 6827 9989 12996 12241 
32702 747 2041 22203 29603 
22679 12583 8674 28256 17160 
5149 31586 7923 11602 18290 
22540 15673 27888 4994 17500 
13072 22108 1203 15787 24760 
32733 29437 11174 128 9888 
8873 3583 28062 27147 25176 
12899 21086 20814 19016 1707 
383 20283 211 23382 32473 
14423 10296 10807 31556 24369 
22942 13675 18358 19186 20822 
4750 939 15414 12385 30254 
2762 29722 30514 21376 26053 
29078 7604 9298 17025 6414 
27791 27969 14199 31267 31656 
21036 22106 10191 31206 20201 
20985 22193 8764 26678 15208 
13733 484 26866 6746 13464 
29672 32653 25810 11675 30183 
20413 6651 9269 14870 19570 
1107 3838 6789 28173 26383 
24425 20900 6348 6844 15330 
7173 18313 23842 8217 10083 
20133 22637 22429 29412 19263 
9615 1708 1179 4777 19936 
13642 6225 13852 4103 4240 
11141 28330 27678 22087 2737 
1397 15121 7861 17359 3103 
21831 30903 8732 31105 3205 
3088 5916 32416 32015 13825 
13534 10204 31248 21530 7553 
7787 6459 12623 3063 7686 
8627 18766 23049 29410 25128 
22032 10139 5090 12867 23470 
1842 11531 9029 9847 21427 
11832 9195 28479 4974 12815 
7060 6649 3162 20787 16549 
17033 28066 13755 11821 3027 
12897 740 31941 25880 8618 
25858 25275 14722 4044 23997 
8047 15869 17620 8313 13820 
20809 11347 4886 15131 8781 
12897 18138 14917 4271 29153 
32171 30232 31649 6151 3970 
2044 29438 8472 17436 8966 
32405 21105 29939 32285 28613 
5579 2924 10587 29002 6589 
12114 21173 18774 23426 14723 
15839 483 32253 16105 29546 
27464 4602 18348 27440 11531 
13239 1702 13809 22775 8611 
9496 27198 13422 12389 30363 
22678 11264 16416 10585 19152 
9532 5878 18044 21176 8901 
17611 5863 27645 28329 29771 
16420 30027 16111 19758 11678 
17588 2159 19386 6673 23380 
29671 12682 19774 31797 10570 
29583 25059 10864 25947 18772 
10218 21141 3451 16774 30433 
9037 13759 32691 1194 22846 
19782 1874 5236 559 25802 
14340 4586 31597 17268 24345 
27817 12141 15861 598 18424 
22194 978 18421 21171 16369 
22271 8174 23433 25460 25008 
4725 30056 17852 7788 22468 
16436 28010 1635 7450 10687 
28768 31233 6916 15094 23587 
6083 24795 17752 32131 30026 
31118 1197 19327 28334 19873 
2292 31075 20 26230 31901 
29747 23939 30412 6904 20300 
15603 19589 27374 25673 1703 
4012 4591 10788 24509 29366 
21291 1949 17156 14344 3845 
9440 7181 12474 22212 98 
6277 6299 26764 19212 9153 
29557 10126 20379 16539 20370 
25723 26951 13693 4478 2622 
19874 16059 11535 746 11716 
15142 28579 26865 29349 1758 
16297 22680 6346 30823 30051 
30119 28452 13311 12521 31077 
15669 18735 20850 23747 5236 
20129 29135 29400 20723 28721 
3640 1933 3391 9030 14155 
22170 3463 30051 30290 28337 
26113 10489 18117 21752 24714 
5248 18704 31933 25997 30661 
4757 26470 27685 15238 16117 
166 13702 20284 9867 2807 
22425 6456 24122 12356 23270 
11505 25705 2789 28599 15261 
8011 15057 32378 29438 4196 
23311 5992 15999 24905 27502 
1380 7807 11687 630 2086 
2541 11910 23454 31128 3605 
10959 5568 25216 8377 20748 
13769 16992 22628 24176 16821 
3738 32507 14103 1979 11480 
12949 21390 26052 27819 2188 
10134 9506 17523 26325 26149 
15999 21886 1932 18094 6675 
31604 23251 12194 8219 27378 
15069 27191 11654 9077 9798 
17256 16625 14458 29862 15933 
29653 13795 14693 15180 5119 
9117 18641 14720 28993 27776 
4973 5145 13160 11382 19340 
25076 19565 10720 2335 23053 
23280 32309 24524 24898 4321 
12780 6976 9562 29313 20381 
5573 26949 393 12899 23831 
26277 10408 4996 6515 26766 
31539 6996 27378 906 7449 
31062 12565 3809 26389 18341 
28833 17175 6951 15762 19373 
8629 15684 30095 16377 2637 
25677 19020 8065 8376 5950 
3871 30546 26786 2728 10153 
22685 14921 21089 17079 14346 
29825 23417 15462 22350 4092 
17009 27531 27904 30664 22952 
24145 32424 19225 29718 18980 
8474 27721 18492 13006 4866 
285 32603 3296 26047 18506 
17637 24404 10357 26679 27185 
10352 18781 6917 29298 2542 
8544 23501 6890 89 24037 
31016 13147 10682 15591 12533 
23231 24436 20298 14678 29752 
10093 13679 23292 26698 16494 
2566 165 1608 19917 28451 
24546 6668 26185 29076 7966 
2539 2613 13939 7388 4329 
17625 9975 15424 26920 32021 
3727 23249 31399 14663 24370 
21373 25129 23151 4080 13022 
25714 4753 18894 187 8633 
6747 22224 17106 7515 27144 
1879 7380 28109 31108 429 
12722 10452 19409 12255 10775 
24568 18857 16331 1077 16694 
12133 27001 4293 12277 4637 
28591 16713 27195 16401 3775 
11157 3617 71 19876 26253 
4996 30070 25933 9264 3582 
10275 12857 11478 19220 31754 
25668 8117 8369 5311 24769 
7338 32724 28053 2760 15159 
8069 10431 26065 29384 21517 
22965 18050 22586 26214 20186 
1478 21661 32753 7771 27167 
14649 32359 31322 15165 21712 
17426 4172 13263 28195 22589 
30623 17817 18359 27625 29600 
25543 4313 5825 3229 18305 
26592 24656 17478 25279 20914 
26994 26969 30047 19082 18952 
20095 30837 21496 30448 26737 
21474 9257 17461 5982 4648 
23144 22402 8081 1660 23781 
7901 5455 6429 17333 8081 
16382 11749 29979 12652 14477 
22813 22278 31275 18191 22166 
14810 15667 17321 30453 24691 
21378 32431 30543 18792 24548 
29706 30454 7564 4970 19933 
32658 26555 5656 31336 21363 
31187 26590 22828 30245 8960 
19914 17231 9029 6973 8059 
29507 10132 18455 2265 4003 
20554 16052 5123 23901 25773 
10005 3977 23830 24033 25752 
9436 22474 20738 10177 13058 
7859 16240 19769 16782 621 
16746 11799 8144 17751 16095 
17759 1097 3388 10880 20168 
16481 6195 29466 17091 23645 
14531 7971 21432 12171 23883 
18067 20627 18623 9889 24309 
4223 15107 20986 3517 19441 
8843 31242 29916 1769 30183 
29548 11666 28789 30588 18499 
25987 23414 23349 5922 21006 
13478 29814 22825 28122 6618 
82 21361 13489 30341 24573 
14251 20882 18814 22404 14339 
29441 30723 9403 4683 14754 
20989 631 22101 29958 11141 
27646 27552 8901 12200 13500 
6711 25549 20583 18488 6871 
23545 30722 9798 29264 12262 
24439 28541 7213 5378 11845 
5611 18583 10213 18293 1544 
12663 31973 26587 23529 19163 
7908 31130 30902 21147 28781 
16614 3166 828 8960 17934 
26505 28180 14505 8377 10703 
16559 17367 2159 8231 31090 
22892 20060 26530 20350 26897 
9297 10329 20952 28620 21772 
31907 454 14548 20921 22668 
27772 8356 14521 1411 2039 
3662 14753 1619 22314 5906 
31366 30549 6488 47 25208 
16099 2241 4857 27980 8719 
27776 30508 27807 4501 436 
1920 23063 17167 32734 21629 
7916 27240 15498 18833 29863 
10131 12850 10336 17194 31869 
28255 20059 8177 24384 11025 
30868 21143 15513 5985 31184 
668 32412 4965 5854 29285 
27558 25428 32040 27524 29076 
7658 1928 16442 12594 23054 
17757 1594 24054 24499 30685 
28336 17903 24572 31149 24450 
5624 30883 17583 12758 11825 
1691 2587 14804 6832 3060 
4305 31661 1139 11520 19949 
12764 11929 2228 27548 2220 
21458 28752 12847 13050 30741 
16963 1902 15420 657 27720 
30767 15298 13285 22742 39 
19772 19603 19383 1023 29309 
30642 29174 12714 17022 19940 
10495 15095 2470 1160 16642 
7778 16200 7473 16024 29232 
29806 10582 24489 26043 8149 
30283 26509 27914 27448 13679 
30321 19108 26065 29864 28669 
27558 16414 31500 13620 18964 
29921 24033 13723 18797 874 
25032 7069 16770 7960 31797 
6190 11143 30750 2338 4527 
9579 387 2309 14865 16229 
22637 31487 20542 18384 12446 
10070 4276 2360 27199 28197 
6515 11957 13532 28242 17690 
17015 25521 6337 16717 31395 
22308 967 25689 18526 8082 
4834 1563 23846 15694 18087 
24606 6761 8679 18683 14595 
8016 22186 2438 24358 26844 
27752 32357 13950 14389 6266 
23839 24005 13119 8961 24539 
11993 29549 2674 27344 7779 
30426 83 9724 16054 10134 
9023 24345 27130 27965 6704 
18381 22409 31951 29950 25633 
8345 23227 30242 15668 30748 
17213 10688 11313 6628 27882 
28133 20862 13579 22922 20493 
3126 21906 10533 25576 1498 
4424 9057 30557 9795 31725 
27403 18384 987 9880 4083 
7328 9229 11862 29437 27380 
8186 7700 12405 26296 366 
10175 1187 9442 27666 30889 
24223 13050 26339 11567 5479 
18393 23010 10137 29487 29105 
5133 20033 2808 25933 28047 
29944 3172 21146 23092 30117 
2505 25191 31 15407 25732 
16745 9919 18845 21392 23682 
4607 29308 14423 12866 7613 
23681 13767 23983 11646 32624 
15785 15937 17504 11580 2094 
24881 22864 25968 10699 4084 
15228 30669 15175 10242 6923 
14901 18451 8155 2572 21960 
30425 23884 2477 28492 8279 
16622 30638 11986 18542 2801 
28693 27286 11638 32023 30498 
31016 25045 24067 32645 28361 
9168 16820 8399 18968 26529 
15181 4647 21486 18377 23575 
15678 13958 20391 9160 32133 
4065 21578 17926 24477 872 
20356 26919 29966 3796 28991 
16955 4157 9803 23316 12876 
31896 23499 14874 18660 1812 
5580 13052 20432 27353 6433 
21583 17444 30267 27168 802 
24703 31725 18690 5590 7312 
25713 19853 4400 17881 29651 
26096 15276 5555 6039 15598 
31508 26771 20720 19262 12370 
31371 3891 6194 1411 19732 
3722 28056 25164 6666 3821 
734 31345 30712 30542 25465 
10915 5014 14612 5254 6042 
8848 1995 15794 17252 29577 
14618 22872 3325 16224 24821 
12266 19999 8114 32275 8850 
2907 20128 19107 2329 27241 
5074 1339 9991 25277 699 
17937 31756 23642 28191 13421 
29598 12523 13523 12382 14308 
17168 19397 17581 11219 8182 
10556 29967 20631 24362 30048 
15518 6708 13487 9212 20618 
30573 26958 23427 31500 4325 
11565 19793 8860 900 30883 
25396 20836 6684 28491 26155 
20724 19020 31063 621 11831 
30885 1831 19629 14758 18444 
13083 11421 22459 30815 13733 
20657 13737 6236 24482 3877 
13898 3774 3818 22593 11097 
16040 20773 7644 12001 19271 
10465 21535 12533 16052 10466 
28555 3490 6167 22969 1085 
16162 1298 7577 27249 82 
19037 1637 3142 29543 8109 
21005 16577 8412 731 283 
22547 25262 17986 15241 15647 
4044 24169 30678 20535 31689 
13026 6233 24358 7893 30321 
29396 24180 31211 19057 30284 
18405 2892 12660 25368 16963 
26411 5418 18745 30301 18602 
25476 16617 13648 12037 1816 
4470 21509 23309 16072 14929 
24571 16601 6302 4706 4423 
16824 5115 29087 7641 17001 
12017 6365 20992 29071 25325 
19430 4657 21087 21657 20939 
10756 24476 15104 20348 3199 
23237 16884 12437 27031 7053 
27564 4731 15604 29579 13746 
26024 14837 31283 1277 14659 
14580 21765 7513 25844 2507 
20484 10256 1270 20374 23146 
3523 31854 18875 15258 10137 
29179 11816 5206 2972 31374 
30940 50 30815 26236 21673 
27464 9188 25809 312 28718 
29118 28904 23117 21029 21619 
15928 25676 26515 24100 5745 
509 2228 17520 24008 14220 
22156 23445 12686 7892 28192 
19672 21768 28892 23525 3112 
24699 18594 25465 20734 26246 
792 28561 5767 948 24685 
15923 26373 3154 19085 7461 
30323 19582 25835 19109 20583 
3713 18814 20058 7485 23391 
5897 24203 17010 10668 13472 
9615 25166 28320 28264 31620 
32454 17774 20382 26692 17312 
8402 24027 405 15320 15081 
6550 31136 30275 14150 26602 
29093 23922 11074 18841 25836 
18137 147 850 16383 32048 
26145 6959 30742 18970 17173 
20354 14035 17157 24626 27345 
28207 23889 15208 6431 26805 
3508 14758 8813 10734 30429 
10993 11905 13084 27479 21683 
30182 42 18097 30293 1076 
20708 25052 31759 28562 4708 
9940 21503 10616 31948 1922 
6521 19642 14651 23522 2719 
3266 9209 27489 31793 10780 
32501 9609 16294 4153 10354 
19935 12155 108 10749 7948 
21963 28217 13218 10556 24864 
28879 22367 28612 23433 28115 
6361 2567 22508 24927 9550 
19354 2462 26443 18379 14246 
31281 27051 28063 17294 20877 
6296 20239 11474 25666 3892 
4171 26164 31773 18920 28321 
24601 3834 20976 19953 12337 
22488 16922 14945 23642 1587 
2250 12881 19650 30606 2882 
19602 10572 12111 3616 3794 
9782 207 1832 2139 1016 
8114 15428 1278 18031 2676 
21449 27721 26426 837 14844 
8449 1893 2839 32725 29900 
25668 4853 5891 1069 5026 
22422 3887 3765 19228 6962 
14469 8056 14023 12692 20337 
6591 8985 4721 5542 32252 
32262 26104 31845 31491 29545 
16298 17404 8054 10406 31596 
13453 16257 23437 28890 21520 
25288 26754 28895 15771 20126 
31707 16770 32225 120 29322 
3075 6394 11425 11772 28967 
7522 5423 24385 14288 26691 
19765 3436 18896 32503 15418 
23357 29439 8648 30186 20477 
5772 31739 14860 10154 20112 
5390 12468 28244 10729 26429 
14010 27335 31813 16203 20074 
7274 29821 18814 2173 20583 
27941 28652 31049 4620 11105 
28149 3636 31346 32761 15633 
22382 9052 32432 16076 6624 
16737 16338 18446 15711 10574 
24589 29088 27430 17606 12929 
20972 28803 14891 22810 1028 
14800 19394 14110 8166 31141 
12817 29186 2047 20556 30092 
29826 12269 1909 2929 10225 
16521 13867 14833 22477 15653 
24839 1936 29590 3602 27300 
14798 8928 5222 26706 9991 
24488 11003 12047 24472 2788 
14523 11443 29251 12125 14363 
24938 20437 26305 22502 3431 
4613 5364 6460 26327 10656 
28072 3802 27668 14307 30765 
8604 9756 5928 1418 32319 
28481 22214 19660 4204 4642 
11826 8606 12018 21721 11114 
31002 23892 17526 8339 12511 
18051 21677 5344 19556 21740 
10187 15543 7308 2997 4846 
15631 1402 1348 12918 15901 
22182 15106 8887 4399 26928 
31326 12528 28120 30837 11028 
6273 2637 26849 19119 8280 
4879 28932 16716 11437 17866 
22759 29602 6383 13181 17312 
13887 28158 28124 14116 1556 
18586 9203 22109 10804 1052 
29195 380 8921 32099 26833 
20625 2472 530 4021 7256 
18230 16377 26257 2390 16842 
18640 10891 18725 26981 32299 
25148 1549 17663 31146 29970 
11476 25876 17776 20978 2262 
24415 30935 26914 26200 14310 
3426 32103 12057 23350 32756 
4202 13610 3568 4671 28256 
8192 30084 16510 7402 12232 
7741 16231 12602 19194 8830 
5723 20856 2609 22347 10721 
25956 13882 8714 19026 14908 
27754 23435 6870 7648 23861 
25671 25742 13620 22781 19941 
10771 4550 7976 15875 3872 
19121 9077 28210 26763 7361 
15760 27970 2170 21975 30436 
1473 6867 3983 27312 28094 
9716 32033 27741 9170 933 
20613 26639 7522 26186 31451 
12666 10782 15966 19465 13559 
12493 5148 13734 16086 10573 
10623 13591 19702 30677 30829 
10487 7828 3454 24879 5565 
30305 29186 7461 7576 17111 
6851 18872 12190 8396 13071 
8079 12838 27720 14754 10758 
11378 21396 5996 4828 13202 
8339 5013 22059 7812 11349 
18623 29342 17824 12522 32651 
27102 20788 28020 4702 9549 
23403 20608 15973 4855 26995 
7319 1494 3782 32734 15119 
1913 27637 22089 12583 28520 
12998 28220 27476 25875 26232 
4434 21205 6790 26483 31386 
24973 24815 17863 12092 10258 
26202 6100 19040 31234 192 
10570 16459 13462 10816 5717 
23755 21369 4780 10001 214 
18394 27207 32580 25454 17856 
18893 30284 22983 31645 23476 
11094 27308 26663 10930 10705 
12575 16995 14719 12835 21056 
10242 18396 31386 2672 1521 
26836 31909 5557 28460 20034 
8772 30560 21971 28051 26557 
25838 23167 25037 17809 22573 
9686 11984 30382 3232 93 
18909 28390 27683 7310 2900 
5536 11986 18219 28098 6349 
12840 29137 15898 27678 19300 
19408 8515 18548 6449 23866 
4819 16281 6277 22586 16667 
14381 202 5287 27235 26083 
11068 27097 8054 4589 2450 
23228 3938 18356 28640 18466 
16505 14797 13756 7518 23195 
29480 29344 11022 26296 10379 
22927 9272 10128 15935 30715 
29081 28605 22026 23527 20281 
6388 31069 25929 26691 136 
13261 18098 25876 11567 12743 
31024 8082 521 14208 10100 
29119 8926 1068 21552 21134 
28072 30064 16323 13557 11601 
32537 20760 23875 27069 19214 
1483 8372 30987 5507 11662 
17218 13848 6512 29900 26559 
69 8514 652 17953 26747 
4048 11671 7197 12140 30096 
3293 3063 31003 1547 26389 
23960 22942 398 17828 21985 
7970 26403 11968 6207 32049 
703 19157 18047 32048 11197 
31015 21220 22572 18315 6074 
14455 7638 25764 623 3487 
19659 446 3439 9457 16409 
21828 32460 12361 5631 10502 
19302 6682 29685 7728 6924 
2306 19436 28024 22500 16802 
1751 30620 19725 23212 14442 
14860 6274 30525 16418 31715 
29762 31598 31621 18204 6830 
28454 28075 515 18994 818 
32765 15593 11303 27799 16445 
2076 8952 2598 16327 26135 
17284 2130 30742 11765 32196 
30527 22665 29228 14510 1819 
24935 16247 25945 24241 28706 
18452 19809 16443 8408 20272 
8333 28792 26911 26784 1455 
5119 20482 24785 13004 30419 
26439 24834 20605 29239 27124 
9136 11413 25796 9233 19794 
4 28856 1966 15687 19452 
29841 4904 27405 4690 29147 
27817 9139 27942 22086 22254 
15249 18886 23291 25421 2102 
19152 28208 1270 13986 5527 
23290 27001 20918 3784 9059 
14984 3304 19022 16573 11518 
10043 12914 15926 289 31343 
10823 25004 22564 2676 12101 
22210 753 10533 15924 4147 
11813 563 32588 21350 3931 
9055 32154 8771 30637 21741 
28069 30534 28536 22101 18258 
2001 16224 21307 14085 199 
2708 9377 10761 29014 24147 
12892 31282 22548 23216 2244 
31936 1614 22674 30384 30855 
19868 12542 18338 18253 11193 
2457 28222 9844 26770 19048 
13057 31449 23197 8411 15151 
3067 17772 13322 31757 31328 
1666 28222 28241 30004 1125 
32691 5591 29492 5109 32412 
12693 29386 18427 18536 10193 
1401 24325 2116 657 10876 
17266 1761 4180 15530 20937 
10103 31999 30621 22863 13834 
30490 22547 2776 27372 13628 
23444 18909 18307 28612 25430 
5071 12364 8906 15965 29099 
26656 11350 7910 10191 20662 
6863 32518 6156 5226 16310 
14479 2556 7484 23188 21555 
19861 32028 28720 21484 27647 
11109 8710 31899 23203 15271 
6645 25327 25733 29097 24120 
16264 15827 22190 8599 20060 
30142 13304 25566 15706 14984 
5771 30351 28238 9182 16435 
14804 4101 30569 10696 9655 
21169 7072 31409 29589 15246 
11488 6567 31696 23494 26814 
15035 7109 28307 25500 3739 
14334 8867 15482 30481 11944 
4800 17167 25804 20039 12720 
17432 16995 9384 11610 28657 
4247 14871 3371 3938 6105 
3283 4024 31419 21260 24767 
2981 1827 30603 14170 22469 
24109 15982 1009 32386 29612 
21257 28692 16512 3529 2742 
17478 10877 4946 18901 18680 
17020 5205 14864 13241 4130 
16622 13796 29863 1120 16989 
3420 30761 1106 10843 2080 
12512 7015 27823 18607 32218 
6339 5884 29929 16649 7137 
15069 18384 14836 21629 15923 
28815 30893 31153 1470 25276 
32003 15454 11755 31706 22008 
14541 17901 8738 21878 11158 
16655 16515 11325 28097 4681 
17383 544 31788 9745 32184 
24177 3628 11891 4002 29882 
32631 30052 17563 10669 4418 
10580 31521 25694 18086 22530 
1219 32688 24648 2964 7907 
28685 15161 15847 26810 29019 
5915 5668 31389 20779 1926 
9364 638 10547 5290 4277 
2485 7678 20277 28045 18433 
30178 23415 10302 10185 7219 
14275 17627 24488 25782 16921 
23930 17705 9048 16643 6026 
15567 27680 29629 871 27481 
3939 28056 6700 3139 9783 
16544 19913 4496 17193 15229 
24405 28871 6963 16023 28581 
16700 15080 27774 32285 3984 
7154 14728 18886 2683 11966 
7868 18593 27849 11382 29678 
10555 18595 17712 13612 4738 
6160 32357 14169 5591 14012 
21924 4120 1892 10487 31623 
13548 12464 21504 15079 5533 
4464 2948 24652 13789 8865 
6242 13735 2603 20435 7345 
26180 7160 6856 30980 24314 
14600 7485 5868 32421 12828 
23816 15551 10966 27854 9827 
20120 7368 19644 24712 8351 
31382 14312 4222 16011 4268 
14943 32306 19557 16251 3353 
12233 25742 29042 1057 12085 
5891 11561 10229 19974 28128 
6111 32304 23427 6947 31782 
17766 250 13235 10461 10320 
14420 7073 15455 11305 4332 
1965 12282 24151 13986 14348 
14243 1358 28459 20584 18919 
22706 427 28969 25637 1211 
15493 30195 24315 31966 3441 
32111 26366 25002 24528 7759 
28078 32240 13629 28044 9897 
7974 11365 14834 25886 19725 
27160 8415 28037 9362 6304 
24648 3981 23026 29009 2556 
7254 9762 1121 31789 3297 
9070 13050 17196 27845 23904 
3982 18548 23843 6115 6251 
29418 17371 4520 143 7267 
31488 17865 31421 103 5258 
28845 15056 2101 1611 23595 
8528 6150 21029 14066 17731 
16790 32377 31528 20549 32737 
29410 10321 24795 24618 3364 
21619 26373 15426 607 22647 
12050 27143 24713 7123 3768 
1067 17434 17254 26724 12343 
5641 18339 30927 1487 26104 
13810 8914 31543 13484 8531 
11643 31510 17087 1605 10336 
1914 14233 9702 27187 3613 
13468 7259 23959 20967 10399 
13938 4146 3507 30622 19078 
14340 13398 19119 6308 8951 
29149 7224 30187 17591 21015 
21600 18233 22211 12372 2499 
3844 16069 21611 14954 4741 
12063 24834 4346 23068 13766 
30473 2603 4336 11603 12936 
3708 2006 17495 25755 21542 
24436 3823 11962 7502 7590 
22169 25406 9854 12832 7238 
20257 22870 11861 177 20742 
6015 13464 1774 24953 12769 
25217 25926 28791 24598 14995 
22594 15409 19486 20763 11270 
1293 1620 16475 28640 17134 
30112 10216 2081 16309 6127 
15185 4652 15112 9952 9217 
20172 31570 29888 14951 1739 
28682 5561 23124 7616 18745 
10566 22180 18216 10294 22506 
20512 4536 19892 22818 29603 
15602 26879 5528 25468 3319 
27779 14745 20500 4252 2958 
19401 977 3519 17751 7190 
26169 2012 8510 7914 14939 
5339 85 2213 7274 29740 
10272 15690 684 7190 27289 
26744 17810 12620 3959 20893 
29481 7362 25264 16486 29105 
13246 3133 1402 13706 9778 
5405 31591 3672 10057 15772 
5084 20319 1088 2261 17690 
22319 7543 8566 27557 14982 
30152 31683 29759 5746 19479 
22750 25110 19894 29482 3909 
1341 13679 23483 15516 30041 
29943 1228 17581 9373 7434 
17979 16813 7928 14887 10646 
18880 18828 26169 17712 11712 
13923 7543 19829 5434 24669 
23177 20602 7098 25453 15852 
20441 21321 1285 17559 11451 
20531 8399 20959 6710 8718 
19870 4248 2522 24055 20132 
28541 18054 7711 9445 15570 
12672 6791 21739 9543 21957 
16135 13500 6688 17822 25237 
22025 25235 30324 964 24744 
23665 3813 11915 28997 12297 
23320 28488 20564 31562 23373 
30468 5449 14375 8376 21753 
2572 25152 27791 26961 25255 
8126 17762 30001 7490 29054 
30379 27638 7762 11891 11942 
27071 23821 20037 11874 29483 
13345 18238 16408 25188 10917 
871 26557 9564 18768 12526 
467 12630 20457 29131 17540 
20393 24318 11939 22257 10176 
27097 4333 29384 10854 1200 
26707 17428 16960 25372 32603 
31578 28059 6860 9030 17889 
9577 32379 25401 8273 13701 
9503 19098 14208 27199 29028 
6845 19336 14100 11608 18368 
18717 15037 3688 15539 3357 
17516 13707 11004 1641 15954 
32701 26874 10740 8548 15023 
9193 27929 22111 4541 26886 
14898 10249 18208 18931 4966 
10938 3429 8284 22466 15644 
5405 13531 24203 1583 8919 
19737 23763 5264 16715 25911 
18763 762 25560 6252 12888 
17933 3377 31983 14953 1870 
20051 30487 11911 12656 12730 
18368 27438 4562 26324 23026 
859 13128 16822 5053 24038 
22046 25358 11879 15634 10586 
7256 22986 25699 10562 25685 
12023 20655 18206 28601 13855 
13944 15935 16932 948 14969 
14912 19284 12491 6271 12940 
25753 12997 11386 7968 17033 
22062 4564 27283 12020 24805 
19713 17747 7963 8061 13144 
15921 31260 25060 1313 17440 
9137 11074 28143 30009 7962 
6436 24368 24323 24152 17882 
30978 5106 4508 10781 30024 
14893 2815 16886 18685 30612 
2675 30939 28617 24322 1530 
8474 5586 17103 16918 31355 
5077 4250 20096 3104 29045 
6725 15132 21937 25043 28736 
6445 7094 28254 12555 7366 
21316 17389 29174 29313 28892 
22027 9516 7538 7824 19601 
8431 29022 7527 28539 11301 
32041 22019 1268 13332 31118 
23681 21939 3946 4115 27553 
19338 29312 3643 6951 24124 
30943 22781 21889 17040 26628 
13429 20649 4003 3936 13274 
3661 20098 27043 26032 10030 
10232 25402 4158 26054 9381 
27158 4675 29741 13136 10928 
15333 8509 27007 7754 13290 
245 12868 20087 15658 27675 
24409 29149 28740 8997 20591 
17978 15761 6234 9412 19365 
19286 9525 10996 17687 1086 
12042 785 8745 27143 32491 
9973 13855 123 20685 19671 
24614 25762 24039 22557 2266 
25654 26203 19569 6411 10583 
32280 30487 19905 20096 8447 
17022 3453 28346 21061 26645 
8898 1551 19224 29791 32724 
13890 31877 20810 28608 17341 
26777 19133 22684 24267 5830 
16752 29456 3335 10121 0 
6934 18197 19274 26179 7677 
7823 8324 24281 10676 66 
15653 21251 16709 26267 26424 
4280 23200 4188 16577 22262 
2458 3987 27368 31831 23605 
17613 25690 25572 19490 6791 
9965 13357 27012 5349 18563 
1178 8951 2471 9008 29948 
20177 5208 18591 25447 22952 
6856 17585 13380 15892 30141 
29544 24738 10677 4582 28164 
16077 29560 7440 21355 14626 
18199 5020 28622 26401 10719 
16945 1930 15556 15542 4014 
18764 17423 24412 9059 11129 
5353 6385 15232 14541 32554 
27064 18381 4162 6901 27162 
7324 7219 13128 23278 20989 
17601 16081 2807 9008 8566 
23300 13742 25184 28200 32106 
16194 21646 18208 20284 29150 
2507 28796 26416 8234 1450 
11474 21907 20756 19445 26390 
13976 22736 9631 13246 16112 
797 12794 27939 30362 13003 
6186 28459 5629 6778 27866 
13861 14644 29348 8237 25844 
23977 20702 2039 30320 24037 
1114 23086 7689 24486 7089 
11163 7086 26674 30687 18133 
1773 2796 4239 28528 21851 
26149 19866 25970 8246 25140 
6602 15622 27977 26313 4835 
24181 32528 31358 31460 16977 
28701 175 20106 15860 7610 
2444 9494 29737 9680 26732
