32765	32763	32761	32761	32756	
32753	32750	32745	32743	32740	
32737	32735	32734	32734	32733	
32727	32727	32725	32724	32724	
32721	32719	32702	32701	32698	
32691	32691	32689	32689	32688	
32685	32682	32677	32665	32660	
32660	32658	32653	32651	32651	
32645	32640	32639	32631	32629	
32624	32618	32611	32606	32603	
32603	32603	32590	32588	32585	
32584	32580	32573	32569	32564	
32558	32555	32554	32554	32552	
32537	32537	32533	32532	32530	
32528	32525	32518	32510	32507	
32503	32501	32498	32494	32491	
32486	32473	32465	32460	32458	
32454	32453	32448	32442	32438	
32432	32431	32430	32424	32421	
32416	32414	32413	32412	32412	
32409	32405	32386	32379	32378	
32377	32365	32362	32361	32360	
32360	32359	32357	32357	32350	
32342	32332	32328	32324	32324	
32319	32314	32311	32309	32306	
32304	32301	32299	32294	32293	
32293	32289	32288	32287	32285	
32285	32285	32280	32280	32275	
32272	32262	32260	32255	32253	
32252	32251	32251	32248	32240	
32240	32236	32231	32228	32228	
32225	32221	32218	32216	32209	
32205	32201	32199	32197	32196	
32193	32188	32184	32179	32173	
32171	32154	32152	32152	32151	
32145	32139	32133	32133	32132	
32131	32123	32111	32107	32107	
32107	32106	32106	32103	32103	
32101	32099	32096	32095	32093	
32092	32083	32080	32076	32062	
32049	32048	32048	32047	32043	
32041	32040	32036	32033	32028	
32023	32023	32021	32015	32013	
32007	32006	32003	32000	32000	
32000	31999	31995	31986	31984	
31983	31977	31973	31968	31966	
31963	31963	31951	31950	31948	
31941	31936	31933	31931	31909	
31907	31903	31901	31899	31896	
31895	31877	31876	31869	31868	
31867	31867	31854	31851	31850	
31849	31846	31845	31839	31836	
31831	31820	31817	31813	31808	
31799	31797	31797	31793	31791	
31789	31788	31782	31778	31773	
31759	31758	31757	31756	31754	
31753	31752	31751	31748	31747	
31744	31739	31739	31738	31735	
31725	31725	31721	31715	31707	
31706	31699	31697	31696	31689	
31687	31683	31681	31679	31677	
31668	31666	31665	31661	31661	
31657	31656	31653	31649	31648	
31646	31645	31640	31634	31632	
31632	31623	31621	31621	31620	
31610	31604	31603	31598	31597	
31596	31591	31586	31579	31578	
31576	31570	31569	31567	31562	
31556	31554	31548	31546	31546	
31545	31543	31541	31539	31539	
31538	31528	31521	31515	31512	
31511	31510	31508	31508	31506	
31505	31500	31500	31498	31497	
31494	31494	31491	31488	31487	
31472	31468	31461	31460	31460	
31451	31451	31449	31447	31446	
31421	31419	31410	31410	31409	
31407	31406	31399	31399	31395	
31389	31387	31386	31386	31384	
31382	31374	31371	31367	31366	
31358	31357	31355	31354	31352	
31350	31346	31345	31343	31341	
31339	31338	31336	31335	31328	
31326	31322	31322	31308	31308	
31283	31282	31281	31281	31275	
31274	31267	31260	31260	31249	
31248	31242	31240	31239	31234	
31233	31231	31217	31217	31214	
31211	31206	31205	31195	31195	
31187	31186	31184	31176	31167	
31164	31162	31159	31159	31153	
31149	31146	31146	31141	31136	
31130	31128	31128	31128	31123	
31118	31118	31118	31116	31114	
31114	31114	31111	31108	31105	
31105	31105	31096	31093	31090	
31085	31081	31077	31075	31069	
31064	31063	31062	31049	31047	
31038	31032	31027	31024	31023	
31019	31016	31016	31016	31015	
31006	31003	31002	30988	30988	
30987	30980	30978	30957	30951	
30948	30945	30943	30940	30939	
30939	30938	30935	30933	30933	
30931	30927	30912	30909	30907	
30903	30902	30901	30893	30891	
30889	30885	30884	30883	30883	
30874	30868	30867	30865	30862	
30862	30861	30860	30855	30853	
30853	30837	30837	30836	30829	
30823	30817	30817	30815	30815	
30810	30808	30803	30800	30796	
30794	30793	30783	30783	30778	
30772	30772	30767	30765	30762	
30761	30759	30758	30754	30750	
30750	30749	30748	30748	30743	
30742	30742	30741	30739	30737	
30723	30722	30720	30715	30712	
30709	30707	30698	30696	30693	
30687	30685	30684	30683	30678	
30677	30673	30669	30666	30664	
30661	30659	30657	30643	30642	
30638	30637	30635	30631	30627	
30623	30622	30622	30622	30621	
30620	30616	30616	30614	30612	
30609	30606	30603	30603	30601	
30601	30597	30588	30588	30584	
30583	30577	30576	30575	30573	
30572	30570	30569	30569	30568	
30562	30560	30557	30557	30555	
30553	30549	30548	30546	30546	
30543	30542	30539	30536	30534	
30527	30527	30525	30514	30514	
30509	30508	30506	30499	30498	
30496	30491	30490	30487	30487	
30486	30481	30476	30473	30468	
30464	30459	30454	30453	30450	
30448	30436	30434	30433	30433	
30429	30426	30425	30420	30419	
30417	30412	30409	30406	30401	
30400	30400	30394	30384	30382	
30382	30381	30379	30370	30366	
30363	30362	30360	30356	30353	
30351	30347	30343	30341	30337	
30336	30335	30331	30324	30323	
30321	30321	30321	30321	30320	
30312	30312	30305	30301	30293	
30293	30290	30287	30284	30284	
30283	30283	30275	30271	30267	
30265	30264	30263	30259	30254	
30245	30244	30242	30235	30232	
30230	30227	30227	30221	30215	
30214	30214	30205	30201	30199	
30195	30189	30187	30186	30183	
30183	30182	30178	30155	30152	
30142	30141	30140	30133	30125	
30123	30119	30117	30112	30111	
30108	30099	30096	30095	30095	
30092	30084	30077	30075	30070	
30064	30057	30056	30052	30051	
30051	30048	30047	30041	30039	
30039	30033	30031	30027	30026	
30024	30016	30009	30008	30008	
30004	30001	29995	29990	29982	
29979	29979	29976	29970	29968	
29967	29966	29966	29958	29957	
29950	29950	29948	29944	29943	
29939	29937	29936	29930	29929	
29921	29921	29916	29912	29909	
29906	29900	29900	29900	29896	
29888	29884	29882	29880	29873	
29870	29870	29869	29864	29863	
29863	29862	29849	29848	29847	
29845	29844	29841	29835	29826	
29825	29821	29820	29814	29806	
29801	29792	29791	29785	29784	
29783	29778	29771	29767	29762	
29761	29759	29756	29755	29752	
29750	29750	29747	29747	29741	
29740	29737	29732	29730	29726	
29722	29718	29715	29712	29706	
29702	29700	29699	29693	29685	
29678	29675	29672	29671	29668	
29653	29651	29646	29646	29645	
29641	29638	29637	29629	29620	
29617	29615	29612	29612	29603	
29603	29603	29602	29600	29600	
29598	29590	29590	29589	29586	
29585	29584	29583	29579	29577	
29569	29560	29559	29557	29554	
29549	29549	29548	29547	29546	
29545	29545	29544	29544	29543	
29542	29527	29514	29513	29508	
29508	29507	29504	29501	29497	
29492	29487	29486	29483	29483	
29482	29481	29480	29476	29475	
29474	29474	29468	29467	29466	
29463	29456	29446	29441	29440	
29439	29438	29438	29438	29437	
29437	29435	29426	29418	29417	
29415	29415	29413	29412	29410	
29410	29400	29396	29396	29386	
29385	29384	29384	29380	29375	
29373	29371	29366	29364	29359	
29349	29349	29349	29348	29345	
29344	29344	29342	29330	29330	
29325	29324	29322	29318	29317	
29314	29313	29313	29313	29312	
29309	29309	29308	29308	29298	
29294	29288	29287	29285	29285	
29285	29264	29264	29261	29252	
29251	29250	29240	29239	29236	
29232	29232	29231	29228	29223	
29211	29204	29202	29197	29195	
29195	29186	29186	29179	29179	
29174	29174	29174	29174	29173	
29162	29153	29150	29149	29149	
29147	29137	29137	29135	29135	
29131	29119	29118	29111	29105	
29105	29101	29099	29097	29094	
29093	29093	29088	29087	29081	
29080	29078	29076	29076	29073	
29071	29065	29065	29064	29064	
29058	29056	29056	29054	29051	
29046	29046	29045	29042	29037	
29028	29026	29022	29019	29017	
29015	29014	29009	29009	29002	
29002	28997	28997	28993	28991	
28989	28985	28984	28972	28969	
28968	28967	28967	28966	28949	
28939	28932	28932	28929	28927	
28922	28921	28916	28915	28905	
28904	28895	28895	28892	28892	
28890	28890	28886	28882	28882	
28879	28879	28873	28872	28871	
28871	28868	28867	28858	28856	
28854	28846	28845	28842	28841	
28838	28836	28833	28832	28830	
28828	28825	28822	28820	28819	
28815	28803	28796	28792	28791	
28791	28789	28781	28773	28768	
28765	28758	28752	28741	28740	
28736	28730	28727	28721	28720	
28718	28714	28713	28713	28712	
28711	28707	28706	28701	28696	
28695	28693	28692	28692	28685	
28684	28682	28677	28669	28662	
28657	28655	28652	28647	28640	
28640	28638	28632	28622	28620	
28620	28617	28613	28612	28612	
28608	28605	28602	28602	28601	
28599	28597	28591	28587	28585	
28581	28579	28579	28574	28564	
28562	28562	28561	28560	28555	
28552	28546	28541	28541	28539	
28536	28536	28528	28528	28524	
28523	28520	28503	28503	28494	
28492	28491	28488	28481	28480	
28479	28474	28472	28472	28469	
28466	28464	28460	28459	28459	
28454	28452	28451	28450	28444	
28442	28438	28437	28429	28421	
28411	28411	28410	28409	28407	
28403	28399	28392	28390	28386	
28376	28375	28370	28367	28364	
28364	28361	28359	28358	28346	
28338	28337	28336	28335	28334	
28334	28334	28330	28329	28325	
28321	28320	28310	28307	28299	
28299	28297	28294	28290	28290	
28284	28278	28268	28264	28259	
28256	28256	28256	28255	28254	
28254	28252	28248	28244	28242	
28242	28241	28238	28225	28222	
28222	28220	28217	28214	28210	
28209	28208	28208	28207	28206	
28203	28202	28201	28200	28197	
28197	28195	28192	28191	28180	
28176	28176	28173	28171	28171	
28164	28164	28160	28158	28150	
28149	28148	28144	28143	28140	
28138	28134	28133	28128	28124	
28122	28120	28120	28115	28111	
28110	28110	28109	28105	28098	
28097	28094	28093	28093	28090	
28078	28075	28072	28072	28069	
28066	28063	28062	28062	28059	
28059	28056	28056	28053	28051	
28051	28047	28045	28045	28044	
28037	28029	28024	28020	28019	
28015	28010	27998	27984	27980	
27979	27978	27977	27971	27971	
27970	27969	27965	27962	27953	
27952	27952	27947	27942	27941	
27939	27936	27931	27929	27924	
27923	27922	27921	27918	27914	
27904	27896	27894	27891	27889	
27889	27888	27883	27882	27877	
27873	27866	27863	27858	27854	
27850	27849	27845	27823	27820	
27820	27819	27818	27817	27817	
27814	27807	27806	27806	27800	
27800	27799	27794	27791	27791	
27791	27779	27777	27776	27776	
27774	27772	27765	27756	27754	
27753	27752	27752	27747	27744	
27741	27735	27725	27724	27724	
27721	27721	27720	27720	27715	
27710	27690	27685	27683	27681	
27680	27678	27678	27675	27674	
27670	27668	27666	27665	27661	
27661	27657	27656	27647	27646	
27646	27645	27638	27637	27625	
27625	27622	27620	27615	27612	
27601	27600	27599	27593	27584	
27564	27558	27558	27557	27553	
27552	27548	27543	27535	27531	
27524	27519	27513	27502	27495	
27489	27489	27488	27483	27481	
27479	27476	27472	27464	27464	
27448	27446	27442	27440	27438	
27435	27430	27415	27412	27405	
27404	27403	27399	27391	27389	
27389	27382	27380	27380	27378	
27378	27378	27374	27374	27373	
27372	27368	27368	27353	27349	
27348	27345	27344	27339	27337	
27335	27335	27325	27320	27317	
27312	27309	27308	27308	27304	
27302	27300	27296	27289	27288	
27287	27286	27285	27283	27270	
27269	27268	27259	27249	27241	
27241	27240	27239	27238	27237	
27235	27226	27223	27222	27219	
27207	27203	27202	27201	27200	
27199	27199	27198	27198	27197	
27195	27191	27190	27187	27185	
27174	27168	27167	27167	27162	
27160	27158	27156	27153	27150	
27149	27147	27147	27144	27143	
27143	27137	27136	27131	27130	
27124	27121	27103	27102	27099	
27097	27097	27097	27093	27093	
27084	27083	27079	27071	27069	
27069	27066	27064	27052	27051	
27044	27043	27037	27035	27033	
27031	27031	27029	27027	27021	
27018	27017	27017	27012	27007	
27003	27002	27001	27001	26999	
26998	26998	26995	26994	26981	
26980	26973	26969	26969	26961	
26961	26958	26951	26949	26949	
26941	26939	26939	26933	26930	
26928	26920	26919	26915	26914	
26914	26914	26911	26902	26897	
26896	26895	26894	26894	26890	
26886	26886	26879	26874	26872	
26866	26865	26864	26858	26849	
26849	26848	26844	26841	26836	
26834	26833	26831	26828	26827	
26823	26822	26814	26810	26805	
26804	26801	26798	26793	26790	
26786	26784	26777	26771	26770	
26767	26766	26764	26763	26761	
26759	26754	26754	26748	26747	
26745	26744	26737	26733	26732	
26724	26715	26713	26707	26707	
26706	26699	26698	26696	26692	
26692	26692	26691	26691	26684	
26683	26679	26678	26675	26674	
26674	26671	26671	26666	26663	
26660	26656	26645	26645	26640	
26639	26635	26633	26628	26628	
26620	26615	26613	26602	26592	
26590	26587	26574	26570	26566	
26559	26557	26557	26555	26550	
26549	26539	26536	26532	26530	
26529	26515	26513	26510	26509	
26507	26505	26505	26505	26493	
26490	26483	26474	26470	26470	
26468	26443	26442	26441	26439	
26429	26426	26424	26423	26417	
26416	26411	26408	26405	26403	
26402	26401	26398	26390	26389	
26389	26386	26385	26384	26383	
26382	26381	26379	26375	26373	
26373	26369	26367	26366	26366	
26364	26356	26352	26348	26347	
26346	26344	26343	26339	26335	
26333	26327	26327	26325	26324	
26317	26316	26313	26307	26305	
26303	26296	26296	26292	26291	
26291	26277	26277	26272	26270	
26267	26266	26263	26257	26256	
26253	26250	26246	26236	26235	
26232	26232	26230	26226	26220	
26214	26203	26202	26201	26200	
26195	26186	26185	26185	26181	
26180	26179	26170	26169	26169	
26169	26164	26162	26157	26157	
26155	26149	26149	26145	26144	
26142	26138	26135	26130	26124	
26124	26117	26115	26113	26112	
26111	26108	26104	26104	26104	
26104	26102	26096	26095	26094	
26090	26086	26083	26083	26070	
26069	26067	26065	26065	26065	
26055	26054	26053	26052	26047	
26043	26040	26036	26032	26031	
26027	26025	26024	26020	26010	
26003	26003	26000	25997	25994	
25989	25987	25970	25970	25968	
25956	25953	25947	25947	25945	
25940	25933	25933	25929	25926	
25925	25921	25921	25919	25917	
25914	25911	25903	25902	25899	
25892	25888	25886	25886	25880	
25876	25876	25875	25875	25870	
25866	25858	25851	25847	25845	
25844	25844	25838	25837	25836	
25835	25821	25811	25810	25810	
25809	25804	25802	25802	25796	
25796	25796	25792	25786	25784	
25783	25782	25781	25773	25764	
25762	25762	25760	25755	25753	
25752	25750	25746	25743	25742	
25742	25734	25733	25732	25729	
25727	25726	25725	25723	25714	
25713	25705	25702	25700	25700	
25699	25694	25690	25689	25685	
25677	25677	25676	25676	25673	
25672	25671	25671	25670	25668	
25668	25666	25666	25663	25656	
25654	25646	25644	25643	25640	
25637	25633	25623	25614	25611	
25607	25599	25576	25575	25572	
25568	25567	25566	25562	25560	
25557	25549	25548	25547	25546	
25543	25532	25531	25525	25523	
25522	25521	25518	25500	25489	
25484	25476	25476	25475	25468	
25467	25467	25465	25465	25461	
25461	25460	25455	25454	25453	
25447	25446	25436	25432	25430	
25428	25426	25421	25416	25414	
25414	25407	25406	25402	25401	
25396	25391	25390	25384	25379	
25377	25376	25375	25372	25368	
25367	25366	25365	25358	25357	
25352	25352	25344	25342	25331	
25327	25325	25325	25321	25321	
25319	25315	25310	25292	25292	
25289	25288	25279	25277	25276	
25275	25273	25273	25266	25266	
25264	25262	25255	25252	25251	
25245	25238	25237	25237	25235	
25234	25223	25220	25220	25217	
25217	25216	25216	25214	25211	
25210	25208	25199	25193	25191	
25188	25185	25184	25177	25176	
25175	25171	25170	25166	25164	
25152	25152	25152	25149	25148	
25146	25144	25144	25140	25136	
25135	25134	25129	25128	25110	
25106	25093	25086	25086	25081	
25076	25066	25060	25059	25053	
25052	25045	25045	25044	25043	
25040	25039	25038	25037	25037	
25033	25033	25033	25032	25032	
25032	25031	25012	25008	25006	
25004	25002	24997	24987	24974	
24973	24967	24961	24959	24958	
24953	24949	24948	24947	24941	
24938	24935	24935	24928	24927	
24927	24919	24905	24899	24898	
24888	24886	24884	24881	24879	
24878	24876	24874	24864	24861	
24860	24851	24842	24839	24839	
24838	24837	24834	24834	24831	
24830	24821	24821	24817	24815	
24809	24808	24806	24805	24804	
24803	24803	24802	24795	24795	
24791	24786	24785	24784	24780	
24773	24771	24769	24767	24762	
24761	24760	24759	24758	24752	
24751	24751	24749	24749	24746	
24744	24742	24738	24736	24729	
24723	24722	24718	24717	24714	
24713	24712	24710	24707	24705	
24703	24699	24699	24692	24691	
24691	24690	24689	24687	24685	
24684	24680	24680	24680	24674	
24669	24661	24656	24656	24654	
24652	24652	24648	24648	24646	
24640	24633	24626	24618	24618	
24616	24616	24615	24614	24606	
24606	24601	24600	24598	24597	
24596	24589	24587	24586	24584	
24583	24581	24578	24576	24573	
24572	24571	24571	24568	24567	
24564	24562	24559	24559	24556	
24553	24552	24548	24548	24546	
24539	24537	24528	24526	24526	
24525	24524	24518	24515	24509	
24509	24506	24505	24499	24499	
24493	24489	24488	24488	24486	
24485	24484	24482	24480	24479	
24477	24477	24476	24472	24470	
24470	24460	24452	24450	24450	
24444	24439	24436	24436	24432	
24431	24430	24429	24429	24427	
24425	24425	24421	24419	24415	
24413	24413	24412	24410	24409	
24408	24405	24404	24398	24397	
24397	24393	24393	24385	24384	
24379	24378	24370	24369	24368	
24362	24359	24358	24358	24358	
24358	24352	24352	24346	24345	
24345	24336	24333	24327	24325	
24325	24323	24323	24322	24318	
24318	24315	24315	24314	24309	
24301	24297	24296	24284	24282	
24281	24279	24272	24271	24270	
24270	24267	24265	24262	24253	
24241	24226	24224	24224	24223	
24223	24221	24220	24204	24203	
24203	24191	24181	24180	24177	
24176	24169	24168	24167	24166	
24160	24158	24153	24152	24151	
24147	24145	24145	24142	24135	
24132	24124	24122	24120	24109	
24101	24100	24100	24093	24087	
24086	24079	24073	24071	24069	
24067	24062	24055	24054	24054	
24053	24050	24049	24047	24045	
24041	24039	24038	24038	24038	
24037	24037	24036	24033	24033	
24030	24027	24023	24020	24018	
24015	24008	24008	24007	24005	
24004	23997	23996	23987	23983	
23983	23977	23960	23959	23952	
23949	23939	23936	23935	23933	
23930	23929	23927	23922	23916	
23911	23909	23909	23905	23904	
23901	23892	23889	23889	23885	
23885	23884	23883	23882	23882	
23877	23875	23875	23866	23861	
23856	23856	23852	23846	23844	
23843	23842	23842	23839	23832	
23831	23830	23829	23824	23821	
23819	23819	23817	23816	23807	
23807	23801	23798	23796	23794	
23787	23783	23781	23781	23777	
23769	23764	23763	23760	23756	
23755	23755	23750	23749	23747	
23740	23740	23735	23729	23725	
23724	23720	23714	23700	23698	
23696	23695	23685	23682	23681	
23681	23679	23671	23665	23658	
23657	23656	23654	23653	23645	
23642	23642	23639	23636	23629	
23617	23613	23610	23609	23605	
23604	23595	23592	23590	23589	
23587	23575	23574	23574	23563	
23545	23543	23536	23535	23529	
23528	23527	23525	23522	23521	
23501	23499	23498	23494	23493	
23493	23489	23486	23483	23482	
23477	23477	23477	23476	23472	
23470	23470	23461	23459	23454	
23452	23446	23446	23445	23444	
23437	23437	23435	23433	23433	
23433	23432	23428	23427	23427	
23426	23420	23419	23417	23416	
23415	23414	23411	23403	23399	
23398	23391	23390	23384	23382	
23380	23379	23373	23364	23361	
23360	23357	23350	23349	23339	
23338	23335	23333	23327	23320	
23316	23311	23311	23309	23306	
23303	23301	23300	23294	23292	
23291	23290	23288	23280	23280	
23278	23270	23264	23251	23249	
23247	23243	23237	23231	23228	
23228	23227	23226	23221	23220	
23216	23216	23212	23205	23205	
23203	23200	23198	23197	23195	
23188	23187	23185	23182	23177	
23167	23164	23162	23152	23151	
23147	23146	23144	23138	23136	
23125	23124	23117	23117	23114	
23111	23106	23104	23103	23098	
23096	23092	23086	23077	23076	
23070	23068	23063	23054	23053	
23049	23048	23048	23046	23038	
23030	23026	23026	23014	23010	
23007	23001	22999	22998	22990	
22988	22986	22983	22983	22980	
22979	22973	22970	22969	22968	
22965	22962	22960	22959	22957	
22952	22952	22946	22946	22942	
22942	22942	22937	22933	22927	
22924	22922	22894	22892	22880	
22879	22878	22876	22875	22875	
22872	22870	22870	22864	22863	
22859	22857	22856	22846	22843	
22841	22835	22828	22826	22825	
22818	22814	22813	22810	22805	
22804	22799	22797	22781	22781	
22775	22775	22769	22767	22765	
22763	22763	22762	22759	22752	
22751	22750	22750	22742	22739	
22736	22706	22703	22700	22696	
22689	22687	22687	22685	22684	
22683	22681	22680	22679	22679	
22678	22674	22670	22668	22668	
22667	22665	22664	22663	22647	
22643	22637	22637	22629	22628	
22628	22612	22601	22600	22597	
22594	22593	22593	22589	22589	
22586	22586	22573	22572	22571	
22571	22566	22565	22564	22557	
22556	22554	22550	22548	22547	
22547	22543	22540	22537	22536	
22534	22530	22529	22518	22512	
22512	22511	22508	22506	22502	
22500	22500	22500	22496	22488	
22477	22476	22475	22474	22470	
22469	22469	22468	22466	22464	
22459	22452	22443	22442	22439	
22435	22429	22425	22423	22422	
22419	22416	22409	22404	22402	
22401	22399	22398	22398	22394	
22382	22378	22374	22371	22369	
22369	22367	22356	22353	22350	
22347	22341	22341	22339	22324	
22323	22321	22320	22319	22317	
22316	22316	22314	22311	22308	
22290	22283	22278	22278	22277	
22272	22271	22262	22257	22254	
22254	22243	22227	22224	22214	
22212	22211	22210	22203	22203	
22201	22196	22194	22193	22193	
22190	22190	22189	22186	22183	
22182	22180	22179	22172	22170	
22169	22169	22168	22167	22166	
22160	22158	22156	22155	22153	
22152	22148	22142	22137	22136	
22134	22130	22120	22115	22113	
22112	22111	22109	22108	22106	
22101	22101	22097	22089	22088	
22087	22086	22077	22076	22071	
22070	22070	22069	22068	22068	
22062	22061	22059	22052	22051	
22046	22046	22046	22045	22041	
22039	22032	22027	22026	22025	
22019	22019	22016	22008	22008	
22005	22001	22001	21999	21999	
21998	21991	21988	21985	21983	
21980	21975	21971	21963	21961	
21960	21957	21949	21945	21939	
21938	21937	21934	21924	21922	
21917	21917	21912	21907	21907	
21907	21906	21899	21898	21898	
21892	21889	21886	21883	21878	
21878	21871	21867	21865	21856	
21855	21855	21851	21841	21840	
21835	21833	21831	21828	21823	
21822	21818	21814	21808	21788	
21779	21779	21778	21777	21772	
21772	21770	21768	21767	21765	
21763	21753	21753	21752	21741	
21741	21740	21740	21739	21738	
21734	21733	21730	21727	21721	
21717	21716	21716	21712	21711	
21708	21707	21703	21702	21693	
21683	21683	21683	21677	21676	
21674	21673	21668	21665	21661	
21658	21657	21652	21652	21651	
21647	21647	21646	21646	21646	
21644	21643	21632	21629	21629	
21619	21619	21616	21614	21614	
21613	21611	21608	21603	21602	
21600	21597	21583	21578	21575	
21573	21573	21563	21562	21561	
21561	21555	21552	21552	21542	
21537	21535	21530	21527	21520	
21520	21518	21517	21509	21508	
21505	21504	21503	21501	21498	
21496	21486	21484	21484	21480	
21475	21475	21474	21472	21463	
21458	21458	21449	21443	21435	
21432	21427	21420	21413	21405	
21402	21396	21395	21393	21392	
21390	21388	21383	21378	21376	
21373	21369	21369	21366	21365	
21363	21361	21356	21356	21355	
21355	21350	21345	21339	21332	
21326	21324	21321	21320	21318	
21316	21314	21313	21312	21311	
21311	21310	21309	21307	21304	
21303	21299	21298	21298	21295	
21292	21291	21285	21284	21276	
21270	21263	21263	21260	21257	
21251	21229	21226	21220	21218	
21212	21205	21202	21198	21191	
21184	21181	21181	21181	21176	
21173	21173	21171	21169	21163	
21161	21158	21158	21156	21155	
21155	21148	21148	21147	21147	
21146	21144	21143	21141	21134	
21134	21133	21128	21115	21110	
21105	21105	21101	21100	21094	
21089	21087	21086	21068	21061	
21058	21056	21054	21050	21041	
21038	21036	21033	21029	21029	
21029	21026	21025	21015	21015	
21007	21006	21006	21005	21005	
20993	20992	20989	20989	20986	
20985	20978	20976	20973	20972	
20967	20967	20959	20952	20946	
20942	20939	20937	20936	20925	
20923	20921	20918	20918	20914	
20913	20906	20900	20895	20895	
20893	20885	20882	20877	20876	
20872	20862	20862	20860	20856	
20855	20850	20849	20836	20835	
20822	20821	20814	20810	20809	
20798	20798	20789	20788	20788	
20787	20787	20786	20780	20779	
20773	20772	20770	20769	20768	
20764	20763	20763	20760	20759	
20756	20754	20753	20752	20751	
20750	20748	20746	20742	20739	
20738	20734	20725	20724	20723	
20723	20721	20720	20719	20719	
20718	20718	20715	20708	20708	
20702	20689	20685	20666	20665	
20662	20661	20658	20657	20655	
20653	20649	20641	20639	20638	
20631	20631	20630	20629	20628	
20627	20626	20625	20618	20613	
20608	20608	20605	20602	20600	
20598	20591	20584	20583	20583	
20583	20580	20577	20577	20565	
20564	20563	20556	20554	20553	
20553	20553	20549	20549	20542	
20541	20535	20535	20531	20528	
20521	20513	20512	20509	20502	
20500	20498	20493	20485	20484	
20482	20481	20478	20478	20477	
20476	20474	20473	20464	20457	
20450	20442	20441	20437	20435	
20432	20425	20425	20413	20401	
20399	20394	20393	20393	20391	
20386	20383	20382	20381	20381	
20381	20380	20380	20379	20375	
20374	20374	20370	20368	20365	
20356	20354	20352	20352	20351	
20350	20348	20341	20337	20337	
20334	20331	20324	20320	20319	
20319	20306	20303	20300	20298	
20295	20284	20284	20283	20281	
20277	20272	20271	20257	20256	
20255	20255	20251	20248	20239	
20239	20238	20231	20227	20217	
20217	20205	20204	20201	20196	
20193	20190	20186	20185	20184	
20181	20177	20172	20169	20168	
20167	20163	20152	20146	20141	
20141	20138	20133	20132	20129	
20129	20128	20126	20120	20120	
20112	20112	20110	20106	20105	
20105	20102	20098	20096	20096	
20095	20094	20087	20086	20074	
20070	20060	20060	20059	20059	
20058	20058	20057	20053	20051	
20051	20051	20047	20046	20045	
20044	20044	20039	20037	20034	
20033	20031	20026	20023	20013	
20010	20009	19999	19998	19993	
19992	19989	19978	19974	19968	
19965	19964	19953	19949	19946	
19941	19940	19938	19936	19935	
19933	19932	19926	19925	19922	
19917	19917	19914	19913	19907	
19905	19894	19892	19884	19884	
19882	19876	19874	19873	19870	
19868	19866	19866	19861	19860	
19858	19857	19857	19857	19855	
19854	19853	19833	19829	19823	
19822	19809	19808	19806	19799	
19794	19793	19782	19780	19777	
19775	19774	19772	19769	19769	
19768	19767	19765	19758	19756	
19752	19752	19743	19741	19739	
19738	19737	19732	19727	19725	
19725	19717	19713	19707	19703	
19702	19701	19699	19694	19690	
19690	19672	19671	19667	19662	
19660	19659	19656	19655	19652	
19651	19650	19645	19645	19645	
19644	19643	19642	19629	19622	
19606	19603	19602	19601	19597	
19595	19592	19589	19588	19582	
19577	19570	19569	19568	19565	
19558	19557	19556	19540	19538	
19538	19536	19534	19531	19529	
19528	19524	19518	19517	19515	
19493	19490	19486	19485	19483	
19482	19479	19472	19465	19464	
19461	19454	19452	19449	19445	
19443	19441	19441	19438	19436	
19431	19430	19429	19422	19421	
19412	19409	19409	19408	19404	
19401	19397	19396	19394	19393	
19386	19383	19377	19373	19365	
19359	19354	19343	19340	19338	
19338	19336	19332	19330	19327	
19327	19325	19323	19317	19312	
19310	19310	19307	19302	19300	
19300	19286	19284	19274	19272	
19271	19271	19265	19263	19263	
19262	19262	19259	19256	19251	
19242	19235	19228	19225	19224	
19220	19215	19214	19212	19211	
19210	19205	19198	19196	19194	
19193	19192	19191	19186	19184	
19182	19181	19174	19174	19173	
19169	19166	19165	19165	19163	
19162	19157	19157	19153	19152	
19152	19151	19142	19138	19133	
19128	19125	19123	19121	19120	
19119	19119	19118	19111	19111	
19109	19109	19108	19107	19100	
19099	19098	19096	19088	19086	
19085	19085	19082	19082	19081	
19081	19078	19078	19070	19070	
19069	19068	19064	19057	19056	
19050	19048	19047	19045	19044	
19043	19040	19037	19036	19028	
19027	19026	19022	19022	19020	
19020	19017	19016	19005	18997	
18994	18988	18985	18980	18978	
18970	18970	18968	18965	18964	
18952	18947	18941	18931	18924	
18923	18920	18919	18917	18909	
18909	18907	18901	18896	18896	
18894	18893	18886	18886	18882	
18880	18879	18879	18875	18872	
18863	18863	18860	18858	18857	
18853	18846	18845	18845	18841	
18838	18833	18828	18822	18816	
18814	18814	18814	18810	18810	
18802	18799	18797	18796	18796	
18792	18786	18781	18774	18772	
18772	18768	18766	18764	18764	
18763	18759	18752	18747	18745	
18745	18736	18735	18728	18727	
18725	18718	18717	18717	18704	
18693	18692	18692	18690	18685	
18683	18683	18680	18672	18671	
18666	18660	18641	18640	18637	
18630	18623	18623	18613	18607	
18606	18602	18601	18599	18595	
18594	18593	18591	18586	18583	
18578	18570	18564	18563	18563	
18561	18548	18548	18542	18536	
18534	18526	18517	18514	18508	
18508	18506	18499	18492	18492	
18492	18488	18488	18480	18479	
18478	18474	18473	18473	18467	
18466	18462	18457	18455	18452	
18451	18451	18447	18446	18445	
18444	18442	18440	18439	18437	
18433	18427	18424	18423	18421	
18405	18403	18396	18394	18393	
18391	18388	18386	18384	18384	
18384	18381	18381	18381	18379	
18377	18371	18370	18370	18368	
18368	18364	18359	18358	18356	
18350	18348	18341	18339	18338	
18330	18325	18324	18324	18316	
18315	18314	18314	18313	18313	
18307	18307	18305	18296	18293	
18290	18289	18286	18278	18278	
18277	18277	18275	18273	18266	
18266	18262	18258	18256	18253	
18238	18238	18235	18233	18230	
18230	18226	18225	18222	18221	
18219	18216	18215	18209	18208	
18208	18208	18206	18204	18202	
18199	18198	18197	18195	18191	
18190	18187	18187	18177	18174	
18171	18163	18153	18152	18152	
18146	18146	18145	18138	18137	
18136	18133	18128	18128	18121	
18119	18117	18115	18112	18111	
18110	18100	18098	18097	18094	
18094	18094	18092	18087	18086	
18075	18075	18073	18070	18070	
18067	18058	18058	18054	18052	
18051	18050	18047	18044	18044	
18038	18031	18027	18019	18018	
18013	18009	18008	18004	17997	
17987	17986	17980	17979	17978	
17977	17973	17967	17961	17958	
17955	17953	17946	17943	17943	
17942	17942	17937	17934	17933	
17929	17926	17925	17921	17920	
17918	17918	17917	17917	17912	
17912	17912	17911	17910	17903	
17901	17898	17889	17888	17888	
17887	17882	17882	17881	17871	
17869	17866	17866	17865	17863	
17863	17862	17856	17855	17852	
17836	17828	17824	17822	17822	
17817	17810	17809	17806	17795	
17776	17776	17774	17774	17772	
17770	17766	17766	17762	17762	
17759	17757	17754	17752	17752	
17751	17751	17749	17747	17744	
17739	17739	17731	17727	17725	
17723	17712	17712	17705	17702	
17701	17700	17700	17697	17694	
17693	17691	17690	17690	17687	
17685	17684	17684	17667	17663	
17663	17660	17659	17640	17637	
17628	17628	17627	17626	17625	
17620	17619	17614	17613	17611	
17609	17607	17606	17605	17603	
17601	17601	17593	17591	17590	
17588	17585	17585	17583	17581	
17581	17572	17571	17571	17566	
17563	17559	17555	17550	17549	
17547	17541	17540	17526	17523	
17520	17517	17516	17504	17504	
17500	17499	17495	17484	17482	
17479	17478	17478	17476	17474	
17472	17467	17461	17452	17449	
17444	17443	17442	17440	17436	
17435	17434	17434	17432	17428	
17427	17426	17426	17425	17424	
17424	17423	17422	17418	17412	
17404	17403	17396	17396	17393	
17389	17389	17385	17385	17383	
17380	17378	17376	17371	17367	
17367	17364	17364	17359	17347	
17341	17341	17339	17338	17337	
17336	17333	17321	17312	17312	
17310	17307	17301	17297	17294	
17288	17285	17284	17283	17277	
17277	17276	17268	17267	17266	
17266	17261	17261	17256	17254	
17252	17251	17248	17231	17228	
17222	17220	17218	17213	17199	
17196	17194	17193	17193	17193	
17193	17185	17180	17175	17173	
17170	17170	17168	17167	17167	
17164	17160	17157	17156	17142	
17137	17136	17134	17134	17134	
17122	17120	17119	17111	17111	
17111	17109	17106	17106	17103	
17103	17101	17097	17091	17091	
17087	17079	17073	17071	17069	
17062	17061	17052	17040	17036	
17035	17033	17033	17032	17025	
17025	17022	17022	17020	17015	
17010	17009	17006	17005	17004	
17004	17001	17000	16997	16997	
16996	16995	16995	16992	16992	
16989	16988	16977	16968	16963	
16963	16960	16956	16955	16954	
16948	16946	16945	16944	16932	
16928	16922	16921	16918	16918	
16908	16907	16905	16905	16903	
16901	16900	16893	16892	16886	
16885	16884	16880	16878	16876	
16871	16870	16863	16842	16838	
16836	16824	16822	16821	16820	
16813	16812	16807	16806	16802	
16798	16790	16789	16783	16782	
16779	16774	16770	16770	16762	
16752	16746	16745	16742	16741	
16738	16737	16736	16733	16718	
16717	16716	16715	16713	16709	
16708	16700	16694	16691	16687	
16687	16686	16683	16670	16670	
16668	16667	16665	16655	16649	
16649	16643	16642	16637	16636	
16632	16628	16625	16622	16622	
16621	16618	16618	16617	16616	
16614	16609	16601	16597	16597	
16577	16577	16573	16570	16565	
16565	16559	16555	16555	16549	
16544	16541	16540	16539	16539	
16537	16531	16527	16526	16525	
16523	16521	16515	16512	16510	
16505	16497	16495	16494	16494	
16492	16486	16481	16475	16474	
16474	16470	16462	16462	16459	
16457	16445	16445	16443	16442	
16436	16435	16434	16420	16418	
16416	16414	16412	16410	16409	
16408	16408	16404	16404	16401	
16397	16389	16389	16386	16383	
16382	16377	16377	16377	16369	
16368	16352	16338	16335	16334	
16331	16327	16324	16323	16321	
16319	16316	16310	16309	16308	
16305	16298	16298	16297	16294	
16290	16289	16286	16283	16281	
16281	16279	16279	16279	16276	
16264	16262	16257	16251	16247	
16246	16240	16231	16229	16229	
16226	16226	16224	16224	16219	
16218	16212	16211	16207	16203	
16203	16200	16198	16195	16194	
16193	16189	16184	16177	16172	
16166	16165	16164	16162	16161	
16155	16135	16134	16132	16126	
16125	16117	16113	16112	16112	
16111	16110	16105	16100	16099	
16095	16094	16088	16086	16082	
16082	16081	16081	16081	16077	
16076	16072	16071	16069	16061	
16061	16059	16054	16052	16052	
16052	16045	16043	16040	16038	
16030	16024	16023	16011	16010	
16008	16007	16000	16000	15999	
15999	15996	15989	15988	15988	
15986	15982	15973	15969	15966	
15965	15964	15963	15961	15958	
15956	15954	15954	15946	15946	
15937	15935	15935	15935	15933	
15928	15926	15924	15923	15923	
15922	15922	15921	15920	15915	
15912	15911	15907	15901	15898	
15895	15894	15893	15892	15888	
15875	15875	15869	15861	15860	
15860	15859	15854	15852	15852	
15847	15842	15839	15827	15826	
15821	15819	15816	15812	15808	
15802	15797	15794	15790	15787	
15787	15785	15783	15774	15773	
15772	15771	15768	15764	15762	
15761	15760	15756	15755	15748	
15746	15743	15720	15711	15711	
15707	15706	15698	15698	15694	
15690	15687	15686	15684	15678	
15673	15672	15669	15668	15668	
15667	15666	15663	15663	15658	
15653	15653	15652	15649	15647	
15644	15640	15640	15639	15638	
15634	15633	15631	15622	15621	
15607	15605	15604	15603	15603	
15602	15599	15598	15593	15591	
15584	15576	15572	15570	15569	
15568	15567	15565	15561	15558	
15556	15556	15551	15543	15542	
15541	15539	15539	15530	15525	
15518	15516	15513	15503	15500	
15498	15493	15482	15482	15482	
15477	15466	15464	15462	15461	
15455	15454	15454	15452	15441	
15439	15428	15426	15424	15420	
15418	15416	15415	15414	15413	
15409	15408	15407	15404	15393	
15389	15389	15382	15379	15366	
15365	15362	15359	15358	15357	
15354	15333	15333	15330	15324	
15324	15321	15320	15317	15311	
15307	15298	15296	15296	15295	
15286	15285	15282	15276	15275	
15271	15270	15261	15258	15258	
15257	15255	15254	15249	15246	
15241	15241	15240	15240	15240	
15239	15238	15232	15230	15229	
15229	15228	15227	15218	15215	
15208	15208	15205	15201	15197	
15187	15185	15181	15181	15180	
15178	15177	15175	15175	15167	
15165	15161	15159	15156	15151	
15148	15147	15142	15133	15132	
15131	15126	15121	15119	15112	
15108	15108	15107	15107	15106	
15105	15104	15104	15095	15095	
15094	15093	15092	15092	15090	
15088	15087	15085	15081	15080	
15079	15069	15069	15059	15058	
15057	15057	15056	15037	15035	
15030	15024	15023	15018	15017	
15007	15006	15001	14995	14993	
14984	14984	14982	14978	14974	
14970	14969	14955	14954	14953	
14951	14945	14943	14939	14936	
14930	14929	14927	14924	14923	
14921	14917	14912	14908	14904	
14902	14902	14901	14898	14893	
14891	14887	14885	14880	14874	
14871	14870	14867	14867	14867	
14865	14864	14863	14860	14860	
14857	14854	14850	14844	14837	
14836	14834	14833	14832	14831	
14825	14822	14817	14811	14810	
14809	14807	14804	14804	14800	
14798	14798	14797	14790	14785	
14782	14781	14779	14775	14770	
14765	14758	14758	14754	14754	
14753	14745	14737	14736	14730	
14730	14728	14726	14726	14725	
14723	14722	14720	14719	14703	
14699	14693	14689	14689	14683	
14679	14679	14678	14664	14663	
14659	14654	14651	14649	14644	
14639	14638	14635	14626	14618	
14616	14612	14611	14610	14609	
14609	14600	14595	14592	14580	
14566	14562	14555	14548	14541	
14541	14540	14537	14534	14531	
14530	14523	14521	14521	14510	
14509	14505	14505	14505	14500	
14499	14494	14479	14479	14477	
14477	14475	14473	14469	14463	
14462	14460	14458	14455	14454	
14451	14446	14444	14444	14442	
14423	14423	14420	14416	14415	
14406	14402	14398	14395	14391	
14390	14390	14389	14389	14381	
14378	14375	14372	14365	14363	
14357	14348	14346	14344	14340	
14340	14339	14339	14334	14322	
14312	14310	14308	14307	14288	
14288	14288	14281	14280	14279	
14276	14275	14269	14261	14258	
14257	14251	14246	14243	14240	
14233	14229	14225	14221	14220	
14218	14208	14208	14207	14207	
14200	14199	14187	14186	14181	
14179	14179	14170	14169	14155	
14151	14151	14150	14142	14138	
14127	14119	14116	14114	14113	
14110	14108	14103	14100	14097	
14089	14087	14085	14077	14075	
14071	14066	14066	14065	14064	
14051	14049	14046	14035	14023	
14015	14014	14012	14010	14008	
14003	13990	13986	13986	13982	
13976	13973	13973	13973	13970	
13964	13958	13953	13950	13949	
13948	13947	13945	13944	13939	
13938	13938	13934	13933	13932	
13926	13923	13922	13918	13903	
13898	13893	13891	13890	13887	
13882	13878	13871	13868	13867	
13867	13861	13858	13855	13855	
13852	13848	13845	13843	13835	
13835	13834	13829	13825	13820	
13816	13810	13809	13801	13797	
13796	13795	13789	13788	13787	
13781	13777	13777	13769	13767	
13766	13761	13759	13756	13755	
13752	13746	13742	13742	13737	
13735	13734	13733	13733	13723	
13718	13718	13717	13716	13712	
13712	13711	13708	13707	13706	
13702	13701	13697	13695	13693	
13687	13679	13679	13679	13675	
13669	13667	13663	13660	13648	
13642	13642	13636	13636	13631	
13629	13628	13620	13620	13612	
13610	13602	13597	13597	13591	
13580	13579	13573	13565	13559	
13557	13548	13548	13547	13534	
13532	13532	13531	13529	13523	
13519	13517	13516	13513	13500	
13500	13489	13487	13486	13484	
13484	13482	13480	13478	13472	
13469	13468	13464	13464	13464	
13462	13453	13441	13439	13429	
13429	13422	13421	13419	13413	
13413	13413	13406	13406	13403	
13403	13398	13389	13385	13385	
13380	13379	13378	13370	13369	
13366	13361	13361	13357	13355	
13355	13352	13351	13346	13345	
13344	13342	13332	13324	13322	
13322	13311	13304	13303	13299	
13298	13294	13292	13290	13286	
13285	13281	13281	13277	13274	
13272	13269	13266	13263	13263	
13261	13259	13258	13249	13246	
13246	13245	13245	13245	13242	
13241	13239	13235	13231	13231	
13230	13221	13221	13218	13215	
13213	13211	13210	13202	13197	
13193	13193	13190	13184	13183	
13182	13181	13181	13179	13175	
13170	13165	13160	13154	13151	
13149	13147	13147	13144	13142	
13136	13132	13131	13128	13128	
13125	13119	13118	13118	13115	
13092	13091	13085	13084	13083	
13082	13079	13072	13071	13069	
13058	13057	13052	13050	13050	
13050	13045	13044	13041	13027	
13026	13022	13020	13016	13015	
13007	13006	13004	13003	13001	
12998	12997	12997	12996	12996	
12991	12990	12987	12985	12976	
12972	12971	12964	12959	12956	
12954	12949	12948	12940	12936	
12930	12929	12927	12926	12925	
12921	12918	12914	12907	12905	
12904	12899	12899	12897	12897	
12892	12888	12881	12876	12875	
12871	12868	12868	12867	12866	
12866	12857	12855	12850	12847	
12844	12840	12838	12837	12837	
12836	12835	12832	12828	12817	
12815	12802	12802	12794	12791	
12786	12783	12782	12780	12769	
12765	12764	12758	12749	12747	
12743	12734	12730	12722	12721	
12720	12714	12695	12694	12693	
12692	12691	12689	12687	12686	
12686	12685	12682	12680	12675	
12673	12672	12669	12666	12663	
12660	12656	12652	12651	12641	
12637	12631	12630	12630	12623	
12620	12616	12615	12614	12612	
12608	12603	12602	12602	12594	
12584	12583	12583	12575	12569	
12565	12565	12564	12560	12555	
12548	12547	12542	12539	12537	
12533	12533	12529	12528	12528	
12526	12526	12523	12522	12522	
12521	12515	12514	12512	12512	
12511	12509	12505	12494	12493	
12491	12484	12483	12475	12474	
12469	12468	12467	12465	12464	
12462	12455	12447	12446	12445	
12443	12442	12437	12434	12430	
12417	12412	12406	12405	12400	
12389	12385	12382	12378	12372	
12370	12364	12364	12364	12361	
12359	12358	12356	12348	12343	
12339	12337	12327	12321	12315	
12301	12297	12295	12282	12280	
12277	12275	12269	12269	12266	
12262	12258	12255	12250	12249	
12241	12241	12233	12233	12232	
12228	12221	12211	12205	12202	
12200	12197	12194	12191	12190	
12190	12189	12174	12171	12161	
12155	12155	12141	12140	12135	
12134	12133	12132	12125	12120	
12119	12114	12111	12101	12093	
12092	12089	12089	12085	12078	
12063	12061	12057	12052	12051	
12050	12047	12045	12042	12037	
12035	12024	12024	12023	12020	
12020	12018	12017	12015	12011	
12001	11999	11993	11993	11991	
11988	11986	11986	11984	11978	
11973	11968	11966	11965	11965	
11962	11957	11952	11951	11946	
11944	11944	11943	11942	11942	
11941	11939	11933	11929	11928	
11927	11919	11916	11915	11915	
11913	11911	11910	11909	11905	
11905	11902	11891	11891	11882	
11879	11874	11871	11863	11862	
11861	11860	11858	11846	11846	
11845	11845	11844	11840	11840	
11837	11832	11831	11831	11831	
11828	11826	11825	11821	11816	
11814	11813	11812	11812	11812	
11806	11805	11801	11799	11799	
11785	11784	11778	11776	11772	
11768	11766	11765	11763	11763	
11763	11755	11751	11749	11742	
11728	11719	11718	11716	11715	
11712	11709	11709	11707	11700	
11698	11697	11693	11691	11688	
11687	11678	11675	11671	11666	
11662	11656	11654	11653	11648	
11646	11645	11643	11641	11638	
11638	11638	11636	11619	11614	
11610	11608	11608	11606	11603	
11602	11601	11593	11590	11583	
11580	11573	11567	11567	11565	
11561	11554	11552	11538	11537	
11535	11531	11531	11522	11520	
11518	11517	11505	11497	11494	
11488	11484	11480	11480	11478	
11476	11474	11474	11470	11470	
11468	11463	11458	11451	11443	
11442	11438	11437	11432	11427	
11426	11425	11421	11416	11413	
11407	11406	11401	11391	11388	
11388	11387	11386	11382	11382	
11380	11378	11373	11372	11365	
11363	11357	11355	11350	11349	
11347	11343	11342	11340	11336	
11325	11321	11313	11307	11305	
11303	11301	11298	11298	11289	
11282	11277	11271	11270	11267	
11264	11263	11262	11254	11254	
11241	11241	11238	11225	11221	
11219	11214	11206	11203	11202	
11197	11193	11189	11182	11176	
11175	11174	11173	11170	11166	
11165	11163	11158	11157	11155	
11153	11152	11146	11144	11143	
11141	11141	11131	11129	11124	
11124	11119	11119	11114	11113	
11110	11109	11108	11105	11105	
11102	11097	11094	11087	11083	
11082	11078	11077	11074	11074	
11068	11063	11062	11055	11055	
11052	11049	11028	11025	11022	
11018	11012	11011	11004	11004	
11004	11003	10999	10999	10996	
10994	10993	10991	10982	10980	
10973	10968	10967	10966	10966	
10959	10956	10953	10943	10938	
10930	10928	10926	10918	10918	
10917	10915	10912	10910	10902	
10902	10893	10891	10882	10880	
10879	10878	10877	10877	10876	
10864	10862	10857	10854	10854	
10843	10837	10833	10823	10823	
10823	10821	10817	10816	10814	
10807	10804	10803	10798	10788	
10787	10786	10782	10781	10780	
10775	10773	10773	10771	10764	
10763	10762	10761	10758	10756	
10751	10749	10740	10740	10738	
10734	10731	10729	10723	10721	
10720	10719	10719	10717	10714	
10705	10703	10702	10702	10699	
10696	10693	10688	10687	10682	
10680	10677	10676	10672	10670	
10669	10668	10667	10656	10656	
10654	10652	10649	10646	10645	
10643	10641	10640	10636	10623	
10623	10623	10619	10616	10616	
10606	10599	10599	10593	10587	
10586	10585	10583	10582	10580	
10580	10574	10573	10572	10572	
10570	10570	10570	10566	10562	
10556	10556	10555	10553	10547	
10546	10544	10541	10539	10534	
10533	10533	10532	10529	10524	
10514	10511	10509	10507	10502	
10502	10495	10490	10489	10487	
10487	10477	10474	10466	10465	
10461	10460	10452	10443	10442	
10441	10436	10431	10426	10423	
10422	10416	10408	10407	10406	
10399	10397	10392	10383	10379	
10376	10375	10375	10373	10372	
10366	10359	10357	10356	10355	
10354	10354	10354	10352	10350	
10343	10340	10336	10336	10334	
10329	10321	10321	10320	10319	
10313	10304	10302	10299	10296	
10294	10291	10288	10284	10279	
10277	10275	10272	10269	10268	
10264	10258	10257	10256	10255	
10249	10242	10242	10234	10232	
10229	10225	10222	10218	10216	
10213	10213	10212	10212	10210	
10207	10204	10202	10197	10193	
10191	10191	10191	10187	10187	
10185	10177	10176	10175	10167	
10161	10154	10154	10153	10153	
10151	10151	10148	10139	10137	
10137	10134	10134	10132	10132	
10131	10128	10127	10126	10122	
10121	10111	10108	10103	10100	
10099	10093	10087	10086	10083	
10082	10078	10075	10074	10070	
10066	10066	10057	10052	10048	
10048	10043	10042	10030	10022	
10021	10016	10007	10007	10005	
10001	9991	9991	9989	9975	
9973	9973	9965	9962	9958	
9953	9952	9950	9944	9940	
9933	9931	9930	9927	9919	
9917	9914	9897	9895	9893	
9892	9889	9888	9885	9884	
9884	9881	9880	9879	9867	
9859	9859	9856	9855	9854	
9853	9847	9844	9840	9834	
9829	9828	9827	9822	9820	
9811	9803	9798	9798	9795	
9789	9789	9783	9782	9778	
9778	9775	9771	9768	9762	
9758	9757	9756	9756	9753	
9752	9750	9745	9740	9731	
9724	9717	9716	9715	9709	
9703	9702	9699	9698	9696	
9695	9691	9688	9687	9686	
9680	9667	9662	9655	9654	
9653	9644	9631	9626	9624	
9616	9616	9615	9615	9610	
9609	9605	9597	9596	9590	
9589	9581	9581	9579	9579	
9577	9575	9575	9564	9563	
9562	9553	9551	9550	9549	
9543	9543	9533	9532	9531	
9529	9526	9525	9516	9509	
9506	9504	9503	9503	9500	
9500	9496	9494	9491	9485	
9481	9476	9466	9457	9451	
9445	9445	9442	9442	9440	
9436	9435	9420	9417	9414	
9412	9412	9412	9412	9404	
9403	9403	9401	9400	9397	
9391	9384	9381	9379	9379	
9377	9373	9368	9367	9364	
9362	9361	9355	9352	9351	
9341	9333	9322	9322	9316	
9306	9298	9297	9294	9293	
9290	9272	9269	9264	9258	
9257	9255	9248	9245	9243	
9242	9242	9242	9239	9235	
9233	9229	9222	9217	9212	
9209	9209	9206	9204	9203	
9202	9195	9194	9193	9193	
9188	9183	9182	9172	9170	
9168	9166	9165	9164	9160	
9153	9146	9143	9142	9140	
9139	9137	9137	9136	9136	
9129	9127	9126	9123	9119	
9118	9117	9117	9115	9115	
9111	9107	9102	9102	9095	
9095	9090	9088	9077	9077	
9077	9077	9071	9070	9070	
9066	9060	9059	9059	9057	
9057	9055	9052	9048	9047	
9037	9037	9030	9030	9029	
9029	9023	9020	9008	9008	
8997	8992	8991	8990	8987	
8987	8985	8981	8980	8979	
8966	8966	8964	8963	8961	
8960	8960	8956	8952	8951	
8951	8950	8932	8928	8926	
8921	8921	8919	8914	8910	
8906	8906	8901	8901	8899	
8898	8895	8888	8887	8884	
8873	8872	8868	8867	8866	
8865	8864	8863	8860	8860	
8857	8850	8848	8848	8846	
8843	8843	8830	8813	8804	
8804	8803	8802	8802	8800	
8796	8793	8793	8791	8788	
8787	8781	8772	8771	8764	
8758	8754	8751	8748	8745	
8742	8739	8739	8738	8734	
8732	8723	8719	8718	8714	
8710	8704	8700	8698	8696	
8686	8686	8683	8683	8679	
8677	8674	8674	8666	8655	
8655	8648	8634	8633	8633	
8629	8629	8627	8625	8625	
8622	8618	8617	8611	8611	
8606	8605	8604	8599	8596	
8589	8584	8575	8566	8566	
8565	8555	8553	8549	8548	
8544	8541	8531	8531	8528	
8526	8525	8524	8519	8519	
8515	8514	8510	8510	8509	
8508	8505	8500	8497	8496	
8486	8478	8475	8474	8474	
8472	8472	8470	8467	8465	
8457	8452	8449	8447	8438	
8437	8431	8431	8427	8422	
8415	8412	8411	8411	8408	
8402	8400	8400	8399	8399	
8399	8396	8393	8389	8387	
8386	8378	8377	8377	8376	
8376	8372	8369	8365	8362	
8356	8351	8345	8343	8339	
8339	8338	8333	8328	8324	
8320	8319	8318	8313	8310	
8292	8289	8289	8285	8284	
8280	8279	8278	8277	8277	
8276	8273	8262	8257	8251	
8246	8244	8242	8237	8234	
8233	8231	8230	8225	8222	
8220	8220	8219	8217	8211	
8207	8204	8196	8192	8190	
8187	8186	8182	8181	8179	
8179	8177	8174	8167	8166	
8161	8155	8149	8146	8144	
8143	8138	8136	8135	8131	
8126	8126	8126	8125	8125	
8117	8114	8114	8114	8112	
8109	8103	8102	8101	8097	
8089	8086	8082	8082	8081	
8081	8079	8072	8069	8069	
8065	8062	8061	8059	8056	
8054	8054	8047	8040	8040	
8026	8024	8021	8016	8016	
8011	8010	8008	8000	7997	
7988	7978	7976	7976	7974	
7974	7971	7971	7970	7970	
7968	7967	7966	7965	7963	
7962	7960	7960	7959	7959	
7957	7951	7948	7928	7923	
7920	7920	7916	7914	7911	
7910	7909	7908	7907	7901	
7899	7893	7892	7892	7889	
7882	7877	7875	7874	7869	
7868	7864	7862	7861	7861	
7859	7859	7857	7853	7847	
7847	7844	7839	7837	7831	
7831	7829	7828	7824	7824	
7823	7817	7812	7811	7809	
7807	7806	7800	7796	7796	
7795	7791	7788	7788	7787	
7783	7781	7779	7778	7772	
7771	7762	7760	7759	7759	
7754	7745	7742	7742	7741	
7738	7734	7728	7723	7723	
7719	7717	7711	7705	7704	
7700	7695	7693	7692	7689	
7686	7682	7680	7678	7677	
7675	7672	7660	7658	7654	
7651	7651	7648	7644	7642	
7642	7641	7638	7635	7631	
7627	7617	7616	7616	7613	
7610	7609	7606	7604	7600	
7596	7590	7581	7577	7576	
7575	7568	7567	7564	7562	
7553	7553	7551	7549	7543	
7543	7538	7534	7532	7529	
7528	7527	7522	7522	7518	
7515	7513	7511	7502	7502	
7501	7490	7485	7485	7484	
7483	7479	7477	7475	7473	
7463	7461	7461	7451	7450	
7449	7445	7444	7444	7440	
7440	7440	7438	7434	7427	
7423	7423	7422	7412	7410	
7402	7393	7389	7388	7383	
7383	7380	7376	7371	7370	
7369	7369	7368	7366	7362	
7361	7356	7353	7352	7348	
7346	7345	7344	7343	7338	
7335	7333	7331	7328	7324	
7319	7312	7310	7308	7304	
7302	7298	7298	7284	7281	
7280	7280	7277	7274	7274	
7267	7264	7261	7260	7259	
7259	7256	7256	7254	7252	
7251	7239	7238	7238	7236	
7235	7224	7219	7219	7217	
7214	7213	7208	7203	7201	
7197	7190	7190	7190	7190	
7182	7181	7179	7173	7172	
7160	7154	7143	7137	7130	
7130	7128	7127	7127	7125	
7123	7118	7116	7114	7109	
7105	7105	7105	7098	7094	
7093	7090	7089	7088	7086	
7081	7080	7078	7073	7072	
7069	7060	7059	7059	7053	
7049	7049	7043	7036	7034	
7025	7025	7020	7015	7013	
7012	7009	6996	6996	6993	
6991	6989	6983	6982	6981	
6978	6976	6973	6973	6971	
6968	6963	6962	6959	6958	
6956	6951	6951	6951	6947	
6945	6943	6942	6941	6937	
6935	6934	6932	6924	6923	
6922	6917	6916	6910	6908	
6907	6904	6901	6890	6890	
6875	6875	6874	6874	6874	
6873	6871	6870	6869	6867	
6863	6860	6859	6856	6856	
6851	6849	6845	6844	6835	
6832	6832	6830	6829	6827	
6825	6825	6808	6807	6798	
6791	6791	6790	6789	6779	
6778	6767	6761	6761	6755	
6747	6747	6747	6746	6731	
6725	6711	6710	6708	6708	
6708	6704	6704	6700	6699	
6699	6688	6687	6687	6684	
6682	6680	6675	6673	6668	
6666	6662	6661	6660	6660	
6659	6655	6651	6649	6645	
6641	6636	6633	6629	6628	
6624	6620	6618	6616	6605	
6603	6602	6602	6599	6597	
6597	6596	6593	6591	6589	
6580	6572	6567	6565	6558	
6557	6555	6555	6550	6539	
6523	6521	6521	6515	6515	
6513	6513	6512	6508	6505	
6500	6500	6497	6488	6487	
6486	6480	6480	6478	6474	
6469	6466	6460	6459	6457	
6456	6451	6449	6448	6448	
6447	6445	6444	6438	6437	
6436	6433	6431	6429	6428	
6426	6423	6419	6416	6414	
6411	6411	6409	6401	6394	
6392	6388	6385	6385	6383	
6372	6371	6367	6365	6364	
6363	6361	6356	6352	6351	
6349	6348	6347	6346	6339	
6337	6337	6336	6335	6335	
6331	6330	6330	6330	6326	
6325	6320	6318	6317	6311	
6311	6309	6308	6307	6304	
6302	6299	6299	6296	6292	
6291	6281	6277	6277	6274	
6273	6272	6271	6270	6270	
6266	6263	6261	6258	6256	
6254	6252	6251	6249	6245	
6242	6240	6236	6234	6233	
6225	6225	6225	6219	6216	
6215	6208	6207	6203	6199	
6199	6195	6194	6192	6191	
6190	6186	6183	6180	6172	
6169	6167	6166	6162	6161	
6160	6159	6156	6156	6154	
6152	6151	6150	6143	6142	
6141	6129	6127	6123	6116	
6115	6111	6105	6102	6100	
6099	6098	6092	6087	6084	
6083	6076	6074	6073	6072	
6067	6066	6062	6053	6045	
6042	6042	6041	6039	6038	
6035	6030	6029	6026	6026	
6015	6014	6013	6010	5996	
5994	5992	5986	5985	5982	
5977	5974	5967	5950	5947	
5947	5937	5936	5934	5928	
5924	5922	5917	5916	5915	
5915	5913	5906	5904	5900	
5897	5895	5895	5892	5891	
5891	5890	5885	5884	5878	
5876	5869	5868	5868	5866	
5863	5862	5858	5855	5854	
5844	5842	5841	5839	5830	
5825	5817	5811	5801	5795	
5795	5787	5784	5781	5778	
5777	5772	5771	5767	5766	
5764	5759	5754	5750	5746	
5745	5743	5739	5733	5728	
5724	5723	5719	5717	5716	
5715	5713	5710	5709	5705	
5703	5702	5695	5695	5691	
5685	5685	5681	5674	5671	
5668	5657	5656	5656	5654	
5652	5641	5633	5631	5629	
5627	5626	5624	5619	5619	
5618	5613	5611	5610	5609	
5609	5609	5606	5595	5595	
5594	5593	5591	5591	5590	
5586	5580	5579	5578	5573	
5568	5565	5563	5561	5557	
5555	5552	5552	5542	5536	
5533	5531	5528	5527	5524	
5524	5507	5505	5505	5498	
5491	5491	5490	5479	5476	
5458	5455	5449	5448	5438	
5434	5434	5427	5423	5422	
5418	5416	5405	5405	5405	
5392	5390	5385	5383	5378	
5367	5364	5363	5353	5351	
5349	5344	5339	5338	5331	
5317	5311	5306	5302	5290	
5289	5287	5286	5269	5264	
5260	5258	5257	5256	5254	
5248	5247	5247	5243	5236	
5236	5226	5223	5222	5219	
5216	5214	5211	5208	5208	
5206	5205	5186	5184	5184	
5183	5183	5175	5165	5163	
5161	5159	5156	5154	5154	
5149	5148	5145	5139	5133	
5131	5130	5128	5126	5123	
5119	5119	5118	5115	5111	
5109	5106	5099	5098	5095	
5091	5090	5087	5086	5084	
5082	5078	5077	5075	5074	
5073	5071	5070	5068	5058	
5056	5054	5053	5049	5032	
5029	5026	5025	5024	5023	
5020	5020	5017	5016	5014	
5013	5013	5011	5006	5001	
4996	4996	4994	4987	4979	
4977	4974	4974	4973	4972	
4971	4971	4970	4966	4965	
4957	4956	4956	4954	4952	
4952	4946	4945	4944	4939	
4930	4925	4925	4909	4904	
4901	4899	4893	4890	4886	
4883	4879	4872	4867	4866	
4864	4857	4856	4855	4853	
4851	4846	4835	4835	4834	
4832	4828	4826	4822	4819	
4818	4813	4800	4795	4790	
4780	4780	4778	4777	4777	
4768	4765	4763	4761	4758	
4757	4753	4750	4745	4741	
4738	4736	4734	4734	4732	
4731	4726	4725	4721	4719	
4713	4708	4708	4706	4702	
4701	4694	4690	4687	4686	
4683	4681	4680	4675	4671	
4670	4667	4662	4659	4657	
4655	4652	4648	4647	4647	
4642	4637	4626	4624	4621	
4620	4614	4613	4608	4607	
4602	4591	4591	4589	4586	
4582	4582	4572	4564	4562	
4559	4559	4553	4552	4550	
4547	4547	4541	4539	4537	
4536	4535	4533	4532	4527	
4520	4520	4509	4508	4504	
4504	4501	4499	4496	4495	
4483	4481	4481	4478	4475	
4470	4468	4464	4464	4463	
4453	4449	4436	4434	4432	
4432	4426	4424	4423	4418	
4416	4415	4414	4412	4410	
4400	4399	4398	4396	4395	
4394	4393	4390	4380	4372	
4370	4368	4368	4366	4364	
4360	4359	4352	4352	4351	
4350	4347	4346	4340	4336	
4333	4332	4329	4326	4325	
4321	4313	4311	4311	4305	
4305	4302	4293	4280	4278	
4277	4276	4271	4271	4269	
4268	4266	4256	4255	4252	
4251	4250	4248	4248	4247	
4240	4239	4235	4227	4226	
4223	4222	4222	4221	4214	
4210	4206	4204	4202	4202	
4196	4188	4188	4185	4180	
4180	4172	4171	4165	4162	
4158	4157	4153	4147	4147	
4146	4146	4144	4143	4143	
4143	4135	4135	4135	4130	
4127	4124	4123	4121	4120	
4118	4116	4115	4114	4109	
4107	4107	4106	4103	4101	
4100	4098	4092	4088	4084	
4084	4083	4080	4072	4065	
4060	4053	4048	4044	4044	
4042	4038	4035	4024	4021	
4014	4014	4012	4008	4003	
4003	4002	4002	3994	3987	
3987	3984	3983	3982	3981	
3977	3975	3970	3960	3959	
3958	3955	3946	3945	3939	
3938	3938	3936	3933	3932	
3931	3929	3914	3909	3901	
3894	3892	3891	3891	3887	
3880	3877	3877	3872	3871	
3870	3866	3862	3859	3859	
3855	3854	3853	3849	3848	
3846	3845	3844	3838	3837	
3836	3835	3834	3823	3821	
3821	3818	3817	3816	3813	
3809	3807	3807	3805	3802	
3801	3796	3796	3794	3793	
3792	3790	3784	3784	3783	
3782	3782	3777	3775	3774	
3771	3768	3768	3765	3750	
3740	3739	3738	3734	3732	
3728	3727	3722	3718	3714	
3713	3709	3708	3707	3702	
3700	3698	3698	3697	3695	
3695	3688	3688	3688	3683	
3675	3672	3664	3662	3661	
3655	3655	3652	3645	3643	
3642	3640	3639	3637	3636	
3633	3632	3631	3628	3627	
3626	3624	3624	3617	3616	
3614	3613	3605	3602	3601	
3595	3588	3586	3583	3582	
3582	3580	3577	3573	3568	
3563	3562	3562	3558	3551	
3551	3549	3549	3529	3523	
3519	3517	3514	3514	3513	
3508	3508	3507	3502	3493	
3490	3487	3487	3485	3476	
3471	3464	3463	3454	3453	
3452	3451	3450	3448	3448	
3444	3443	3441	3439	3438	
3438	3437	3436	3431	3429	
3428	3426	3420	3417	3411	
3409	3400	3391	3390	3390	
3388	3387	3379	3377	3376	
3374	3371	3364	3364	3364	
3362	3357	3353	3351	3350	
3349	3348	3348	3345	3345	
3339	3335	3335	3330	3330	
3326	3325	3323	3319	3312	
3305	3304	3300	3297	3296	
3293	3290	3287	3287	3283	
3275	3266	3266	3262	3261	
3260	3258	3249	3232	3230	
3229	3219	3213	3205	3200	
3199	3189	3187	3183	3173	
3172	3166	3164	3162	3154	
3153	3142	3142	3139	3134	
3133	3129	3127	3126	3122	
3121	3121	3117	3114	3112	
3104	3103	3099	3099	3099	
3099	3092	3091	3089	3088	
3085	3081	3075	3075	3071	
3067	3065	3063	3063	3060	
3060	3048	3030	3027	3019	
3015	3005	3002	2997	2988	
2987	2981	2978	2972	2967	
2967	2964	2958	2958	2955	
2948	2939	2929	2928	2927	
2927	2924	2912	2908	2907	
2903	2900	2898	2897	2892	
2889	2887	2882	2882	2876	
2861	2858	2856	2853	2846	
2845	2839	2836	2829	2821	
2821	2815	2812	2809	2809	
2808	2807	2807	2804	2801	
2796	2789	2788	2777	2776	
2771	2762	2762	2760	2755	
2746	2742	2737	2733	2728	
2722	2721	2719	2718	2711	
2708	2699	2696	2690	2688	
2686	2685	2683	2678	2676	
2676	2675	2674	2672	2666	
2661	2654	2652	2647	2642	
2637	2637	2635	2634	2633	
2632	2631	2630	2622	2619	
2619	2617	2613	2609	2609	
2605	2603	2603	2601	2600	
2598	2589	2587	2581	2581	
2580	2572	2572	2567	2566	
2561	2561	2560	2559	2556	
2556	2542	2541	2539	2529	
2526	2522	2520	2510	2507	
2507	2505	2499	2497	2497	
2493	2493	2487	2485	2482	
2477	2474	2472	2471	2470	
2462	2458	2457	2450	2444	
2441	2438	2431	2429	2427	
2423	2417	2413	2408	2407	
2404	2400	2396	2390	2376	
2360	2352	2349	2346	2345	
2340	2338	2335	2333	2331	
2330	2329	2329	2328	2319	
2309	2306	2293	2293	2292	
2287	2280	2279	2266	2266	
2265	2263	2262	2262	2261	
2260	2250	2248	2248	2244	
2241	2228	2228	2226	2225	
2220	2213	2209	2204	2195	
2191	2188	2185	2185	2184	
2178	2177	2174	2173	2173	
2170	2159	2159	2152	2152	
2150	2139	2134	2134	2130	
2130	2121	2118	2116	2113	
2112	2105	2102	2101	2101	
2100	2094	2086	2081	2080	
2076	2075	2073	2063	2061	
2055	2047	2046	2044	2042	
2041	2039	2039	2036	2036	
2035	2024	2017	2012	2012	
2006	2001	1997	1995	1993	
1987	1983	1983	1979	1978	
1971	1966	1965	1959	1959	
1959	1957	1949	1947	1945	
1940	1936	1933	1932	1930	
1928	1928	1926	1925	1923	
1922	1920	1914	1913	1911	
1909	1906	1905	1902	1897	
1895	1893	1892	1884	1881	
1879	1878	1878	1874	1870	
1869	1866	1852	1843	1842	
1838	1835	1834	1833	1832	
1831	1829	1827	1827	1823	
1819	1819	1816	1812	1810	
1808	1797	1793	1788	1786	
1774	1773	1769	1761	1758	
1755	1751	1747	1743	1739	
1719	1717	1715	1714	1712	
1708	1707	1707	1707	1703	
1703	1702	1699	1695	1691	
1687	1683	1678	1675	1674	
1674	1666	1661	1660	1656	
1644	1641	1637	1637	1635	
1631	1625	1624	1620	1619	
1618	1614	1614	1611	1608	
1605	1595	1594	1592	1587	
1583	1580	1567	1566	1563	
1563	1561	1561	1556	1553	
1551	1549	1547	1546	1545	
1544	1538	1530	1523	1523	
1521	1521	1515	1513	1508	
1499	1498	1494	1494	1490	
1487	1484	1483	1482	1482	
1480	1478	1473	1470	1466	
1456	1455	1450	1449	1436	
1427	1418	1413	1411	1411	
1407	1405	1402	1402	1401	
1397	1392	1392	1388	1386	
1382	1382	1380	1374	1370	
1370	1366	1358	1358	1351	
1350	1349	1348	1343	1341	
1339	1339	1332	1330	1313	
1310	1307	1307	1299	1298	
1296	1293	1292	1289	1285	
1280	1278	1278	1277	1277	
1270	1270	1268	1265	1263	
1242	1238	1232	1229	1228	
1228	1219	1218	1213	1213	
1211	1211	1211	1206	1203	
1201	1200	1197	1194	1187	
1186	1179	1179	1178	1173	
1171	1169	1165	1160	1157	
1151	1147	1139	1130	1129	
1125	1124	1121	1120	1114	
1107	1106	1097	1094	1088	
1088	1086	1085	1083	1077	
1076	1069	1068	1067	1057	
1052	1032	1031	1028	1028	
1025	1024	1023	1016	1009	
1004	1002	1001	1000	992	
988	987	987	978	977	
974	970	968	967	965	
964	964	958	957	957	
955	948	948	948	947	
939	933	933	929	929	
906	906	900	893	886	
882	882	882	874	874	
872	871	871	870	867	
861	859	852	851	850	
842	841	837	837	837	
829	828	827	818	816	
805	802	799	798	797	
796	793	792	791	785	
779	777	762	760	753	
753	752	750	747	746	
746	740	735	734	732	
731	723	719	717	703	
701	699	699	692	690	
690	686	685	684	679	
678	668	666	666	658	
657	657	656	652	638	
634	631	630	623	621	
621	621	619	617	611	
609	608	607	603	601	
600	598	597	596	595	
592	591	588	587	580	
567	563	559	559	550	
549	544	542	539	530	
522	521	520	520	515	
515	513	509	508	506	
498	497	497	496	492	
484	483	482	480	478	
477	467	466	464	463	
459	454	453	449	446	
436	435	429	429	427	
420	411	405	398	398	
393	387	383	380	380	
371	366	363	347	343	
336	330	328	324	323	
320	313	312	309	297	
289	287	285	283	278	
275	275	261	256	255	
251	250	247	246	246	
245	225	218	214	211	
207	204	202	202	201	
199	198	198	197	196	
192	189	187	185	183	
177	177	175	168	166	
166	165	158	147	147	
147	143	142	136	128	
124	123	122	121	120	
118	116	116	111	110	
108	108	103	102	98	
95	94	93	92	92	
90	89	85	84	83	
82	82	71	71	71	
69	66	57	50	47	
42	39	39	31	27	
24	22	20	20	19	
9	4	2	1	0	
