14867 24680 8872 25432 21865 
17285 18997 10570 16397 30572 
22339 31508 1553 124 779 
6687 23563 5754 25989 16527 
19808 10702 13777 28696 8131 
18671 27093 8979 4088 31260 
31016 5073 19422 23885 18222 
3631 19884 10857 30853 32618 
31867 24505 14240 14389 13829 
13469 11442 5385 9644 9341 
11470 189 3262 9731 25676 
1366 24567 25223 110 24352 
24135 459 7236 17918 1238 
24041 29900 24830 1094 13193 
10334 6192 6968 8791 1351 
14521 31249 4533 11189 7971 
5118 19884 1747 23543 309 
28713 24884 1678 22142 27238 
6261 12836 5618 17062 13342 
14638 7427 23077 25546 21229 
13245 20303 10376 10052 8524 
20528 11648 21703 27069 28972 
5082 7444 6409 23536 13787 
11110 16207 27304 9553 10599 
609 882 26930 5702 26754 
18451 16000 5130 16494 28138 
24687 7974 19099 21026 7114 
25677 1983 7723 12691 10375 
20626 4202 19690 30597 6869 
15663 4143 3121 3987 23528 
32107 10122 22183 29845 15852 
18863 15230 380 3376 313 
3870 22814 19205 17614 27495 
29801 30957 2804 15257 25903 
9927 5154 11799 4311 4780 
6941 29547 851 24 24450 
28297 28242 2634 16030 14936 
10422 30189 20102 10350 16968 
17911 12132 7451 32682 6098 
1808 27818 21134 2746 23264 
7651 8742 13926 15296 13781 
30683 29930 30853 28882 25666 
988 19070 3258 12364 16565 
12364 2173 11965 1147 27380 
31963 16863 25245 20787 29294 
26999 20255 27922 22763 27896 
28662 6073 933 30199 7606 
1928 20306 11999 22378 1124 
21778 14822 11715 13903 20141 
5183 26998 16956 4124 14737 
28895 10529 14924 7081 12522 
7501 2846 17004 3379 16892 
28338 10255 7020 2345 13797 
9610 11776 9123 5656 841 
29173 14179 22068 549 9239 
20509 19690 28820 8531 15893 
5184 8220 22113 22324 5705 
20238 21158 20059 22323 23152 
600 5367 8328 19515 21475 
31446 29101 6599 19595 57 
22959 9859 20563 3626 7742 
24297 8478 2319 21498 32689 
22805 29056 19438 23877 25672 
1878 31322 16246 15768 8964 
15030 9581 29396 14635 5363 
1508 13346 15464 26628 24470 
29345 20849 7581 11763 21068 
2400 19259 5657 29474 5710 
25700 24576 21892 11812 25136 
4084 24030 4014 1032 13385 
15241 24049 3502 15178 14064 
17855 9853 25970 10994 8584 
15859 10207 11656 3955 6508 
4867 11176 11693 28464 4509 
31849 28929 12976 5095 12135 
18858 30221 31505 6761 2661 
1242 22767 27201 17866 7203 
22511 15092 5595 25518 24397 
31515 478 3200 18314 7817 
30312 14499 13082 25646 955 
4135 24413 13115 22097 10087 
464 21383 7609 6798 1413 
1330 21922 601 15568 15240 
9526 9758 23364 32552 18601 
3853 19421 15205 14609 24758 
14207 31468 1656 6859 20383 
22439 6191 10279 12608 8674 
18278 24336 29730 685 2042 
22201 14902 7553 5006 13835 
21332 29990 19165 24485 18736 
6099 16718 7970 26507 22168 
9930 15258 5286 3065 970 
4971 3580 13788 31668 9529 
23856 26277 2407 10803 6469 
20895 27156 9624 18445 30366 
10833 3450 29668 12514 2408 
28867 18846 11583 9973 15989 
21181 2939 11952 4662 8167 
12024 30343 10763 30616 658 
17136 26980 23829 13259 9597 
3417 929 10534 10672 30259 
498 14288 17426 10798 23014 
23685 14207 30077 10355 31666 
25796 19343 4572 27863 14444 
19857 15915 21808 10966 6708 
31195 5524 1675 19120 20181 
20381 26831 16649 10654 17929 
12406 11152 24270 7264 20217 
25006 9412 14807 12233 32221 
21912 21365 10723 22775 3409 
24948 12197 19123 30808 1002 
12512 21356 26157 6825 25390 
4901 29785 5219 25734 12747 
26020 14610 27661 7353 31111 
29590 32047 15746 22500 24224 
20719 3562 25845 6352 27003 
11573 4483 9242 1028 23205 
31576 21614 23756 31038 29174 
4504 31105 204 13193 28773 
28105 39 30235 26375 19998 
5302 4359 8378 17628 31538 
23216 13480 32152 7596 3698 
17418 23220 17106 20185 17297 
10544 17006 6161 29700 18115 
25391 13982 20010 28203 17836 
5709 26090 7617 166 32107 
2225 19536 21133 2100 6932 
24615 3142 30862 31159 7277 
6444 11768 24941 30901 18517 
22973 8864 5842 15126 17261 
9204 19181 7369 12685 30759 
27093 1997 19086 2876 20885 
15311 508 10968 24652 2376 
26104 28140 19769 5703 24808 
16276 6166 24689 17261 4415 
679 8262 10902 30737 18578 
29094 5715 14725 2417 26003 
17452 2903 6438 24888 8754 
2721 10862 28202 28214 11844 
1978 24559 21818 14473 20026 
29373 10021 27656 24378 18307 
29371 1993 31665 24878 7627 
20138 15895 1829 19882 7680 
26232 12565 13281 22401 11463 
24564 4899 8802 3444 2112 
4226 18364 17472 29064 9442 
11828 26961 12078 17069 14555 
25729 5739 968 3411 11004 
21907 29638 1332 31498 4251 
19036 20141 2601 9944 10773 
111 22879 1545 14151 9414 
9166 11928 6982 9 7049 
19741 18391 5685 26790 3364 
3816 13269 7829 2352 25214 
32293 7088 31744 20718 20086 
1810 5904 4432 23764 24749 
8803 13361 32231 22423 18816 
19592 30743 23205 14779 9451 
13299 5947 30133 21763 19412 
23138 550 19262 16061 2075 
20442 7875 19078 7412 1786 
15787 12602 28120 6029 19310 
28093 6699 13118 17307 7090 
25623 5216 13517 5787 25376 
13871 10202 5186 17663 25177 
1869 15961 4269 14269 6935 
3933 8126 3698 27777 30400 
16880 23819 9829 2118 16132 
793 17822 15024 10956 7410 
11709 31128 16262 17585 30205 
3740 12904 25726 634 9662 
13948 32272 15773 28939 8622 
2927 1499 12155 26660 23807 
9119 6937 25037 6330 23428 
611 3645 16061 28872 4340 
19128 22278 11262 2912 11916 
11388 14850 608 420 14639 
30514 16687 347 10210 31451 
31539 26510 3783 30450 31968 
26613 18313 16389 25562 6067 
2191 4464 8793 29483 9088 
25044 20946 30230 3330 23493 
6356 31186 4552 20163 10288 
19965 23755 11372 4956 16195 
13015 26095 2073 116 1866 
15812 10580 10714 19993 24987 
4426 17097 12051 24722 16112 
2423 32362 20906 29330 27918 
7791 15996 15802 28160 11933 
9768 19027 22683 11225 11407 
7438 3549 26104 18882 22277 
20105 28290 3513 15007 15482 
25781 19529 30643 1592 17101 
17744 752 28873 4227 7475 
31868 13258 7892 14730 27099 
23486 12547 22041 18195 9893 
14049 26115 13069 3793 31820 
5434 15167 30709 29174 32314 
2696 12927 29544 26615 32603 
18727 11846 8211 27936 19656
